OG_2	OG_002051	100	39	0	0	1	39	196	234	9.78e-24	79.7
OG_72	OG_002059	61.5	109	11	1	1	78	283	391	6.82e-39	127
OG_67	OG_002067	94.3	53	3	0	1	53	182	234	4.33e-32	102
OG_82	OG_002075	97.4	78	2	0	1	78	1	78	1.78e-51	154
OG_71	OG_002060	79.8	114	11	1	1	102	200	313	2.18e-54	172
OG_46	OG_002071	97.4	342	9	0	1	342	1	342	9.73e-254	680
OG_35	OG_002060	94.0	722	27	3	8	713	326	1047	0.0	1323
OG_35	OG_002059	36.1	696	394	12	65	710	5	699	2.14e-133	402
OG_35	OG_002049	46.7	105	52	4	220	324	2	102	3.19e-22	89.4
OG_41	OG_002066	99.0	390	4	0	1	390	1	390	1.35e-282	757
OG_7	OG_002060	87.1	140	5	1	2	128	898	1037	5.85e-74	229
OG_76	OG_002053	96.0	200	8	0	1	200	1	200	2.04e-73	229
OG_44	OG_002069	96.3	241	9	0	1	241	1	241	7.14e-169	457
OG_85	OG_002048	91.2	57	5	0	1	57	419	475	1.16e-29	99.4
OG_3	OG_002053	97.6	461	11	0	1	461	138	598	0.0	906
OG_13	OG_002072	98.4	63	1	0	1	63	1	63	1.09e-43	130
OG_47	OG_002045	98.1	473	9	0	1	473	1	473	2.95e-319	857
OG_24	OG_002060	88.5	511	52	2	1	504	1	511	2.87e-315	871
OG_12	OG_002046	98.0	49	1	0	1	49	1	49	5.70e-29	95.5
OG_54	OG_002078	99.0	302	3	0	1	302	1	302	7.64e-199	538
OG_84	OG_002056	88.1	59	7	0	1	59	407	465	9.46e-32	105
OG_48	OG_002072	98.4	189	3	0	2	190	2	190	3.27e-142	385
OG_58	OG_002047	98.3	236	4	0	1	236	18	253	3.69e-182	492
OG_23	OG_002052	97.1	69	2	0	1	69	1	69	3.31e-43	135
OG_23	OG_002064	97.1	69	2	0	1	69	1	69	3.31e-43	135
OG_51	OG_002075	98.2	275	5	0	1	275	1	275	9.13e-198	533
OG_21	OG_002052	93.0	86	6	0	1	86	1	86	5.29e-54	164
OG_21	OG_002064	93.0	86	6	0	1	86	1	86	5.29e-54	164
OG_10	OG_002045	86.4	44	6	0	1	44	198	241	6.21e-19	68.6
OG_69	OG_002059	94.8	230	12	0	1	230	1	230	7.37e-153	433
OG_69	OG_002060	33.8	225	129	5	5	229	399	603	1.44e-30	110
OG_69	OG_002049	58.1	43	17	1	180	222	2	43	1.00e-09	48.5
OG_94	OG_002052	73.3	45	12	0	1	45	233	277	1.58e-18	67.4
OG_94	OG_002064	73.3	45	12	0	1	45	233	277	1.58e-18	67.4
OG_100	OG_002057	97.9	48	1	0	1	48	243	290	4.87e-33	107
OG_74	OG_002073	97.8	137	3	0	1	137	152	288	2.05e-93	263
OG_57	OG_002046	93.2	323	5	1	1	306	1	323	1.22e-217	587
OG_19	OG_002056	88.5	61	7	0	1	61	203	263	1.51e-33	110
OG_9	OG_002061	97.8	89	2	0	3	91	317	405	9.73e-63	187
OG_64	OG_002070	98.3	117	2	0	1	117	164	280	9.79e-82	233
OG_73	OG_002044	95.7	92	4	0	1	92	230	321	1.11e-58	174
OG_43	OG_002068	96.5	86	3	0	1	86	36	121	8.71e-50	145
OG_14	OG_002048	93.1	261	18	0	1	261	1	261	1.30e-166	461
OG_55	OG_002079	96.9	254	8	0	1	254	1	254	7.54e-191	514
OG_38	OG_002062	92.0	264	21	0	1	264	1	264	2.35e-174	473
OG_45	OG_002070	98.1	216	4	0	1	216	1	216	3.32e-156	426
OG_15	OG_002052	82.8	64	11	0	1	64	1	64	8.39e-33	107
OG_15	OG_002064	82.8	64	11	0	1	64	1	64	8.39e-33	107
OG_37	OG_002044	98.4	321	5	0	1	321	1	321	3.28e-230	619
OG_65	OG_002054	98.8	84	1	0	1	84	1	84	3.27e-63	184
OG_65	OG_002047	44.6	65	35	1	9	72	6	70	4.11e-14	56.6
OG_16	OG_002052	93.3	178	12	0	1	178	100	277	3.16e-120	337
OG_16	OG_002064	93.3	178	12	0	1	178	100	277	3.16e-120	337
OG_39	OG_002063	97.3	113	3	0	1	113	1	113	1.22e-66	188
OG_5	OG_002052	95.0	101	5	0	1	101	292	392	2.43e-64	191
OG_5	OG_002064	95.0	101	5	0	1	101	292	392	2.43e-64	191
OG_28	OG_002053	99.6	893	4	0	1	893	1	893	0.0	1639
OG_79	OG_002061	82.2	45	8	0	1	45	124	168	3.65e-20	72.0
OG_40	OG_002065	98.8	83	1	0	1	83	1	83	1.57e-55	158
OG_95	OG_002059	93.9	33	2	0	1	33	681	713	6.51e-21	73.6
OG_4	OG_002044	98.6	144	2	0	1	144	1	144	6.24e-97	274
OG_1	OG_002049	100	92	0	0	1	92	233	324	2.66e-60	178
OG_70	OG_002077	87.2	117	15	0	1	117	1	117	5.77e-63	188
OG_49	OG_002073	98.3	288	5	0	1	288	1	288	1.31e-208	561
OG_20	OG_002050	90.0	60	6	0	1	60	1	60	2.04e-34	110
OG_61	OG_002050	97.7	352	8	0	1	352	1	352	7.72e-256	686
OG_78	OG_002059	81.4	59	11	0	1	59	215	273	3.53e-27	92.8
OG_78	OG_002060	52.5	59	28	0	1	59	589	647	3.09e-18	67.4
OG_32	OG_002057	97.5	433	11	0	1	433	1	433	5.94e-301	807
OG_86	OG_002052	94.2	69	4	0	1	69	1	69	4.97e-42	132
OG_86	OG_002064	94.2	69	4	0	1	69	1	69	4.97e-42	132
OG_6	OG_002058	97.6	290	7	0	1	290	1	290	6.17e-198	549
OG_66	OG_002043	95.6	181	8	0	1	181	1	181	1.12e-116	335
OG_26	OG_002043	99.0	491	5	0	1	491	113	603	0.0	925
OG_30	OG_002055	98.8	252	3	0	1	252	1	252	3.30e-184	497
OG_30	OG_002049	30.8	227	142	7	6	220	4	227	6.52e-25	92.4
OG_30	OG_002059	26.5	132	91	4	5	132	439	568	1.70e-11	54.7
OG_60	OG_002049	98.7	232	3	0	1	232	1	232	1.15e-166	454
OG_60	OG_002055	32.6	193	119	5	4	193	6	190	1.34e-24	89.7
OG_60	OG_002060	47.6	105	51	4	2	102	554	658	6.69e-24	90.9
OG_60	OG_002059	31.8	217	134	9	2	212	180	388	1.75e-22	86.7
OG_88	OG_002059	85.5	83	12	0	1	83	235	317	9.01e-43	138
OG_88	OG_002060	55.4	83	37	0	1	83	609	691	7.15e-27	93.2
OG_97	OG_002045	100	30	0	0	1	30	1	30	5.93e-16	59.3
OG_80	OG_002061	97.2	142	4	0	1	142	1	142	4.71e-97	277
OG_52	OG_002076	98.8	260	3	0	1	260	1	260	2.16e-193	521
OG_63	OG_002043	82.6	92	16	0	2	93	512	603	6.41e-47	149
OG_11	OG_002068	91.9	37	3	0	1	37	1	37	2.25e-19	65.9
OG_59	OG_002048	98.9	279	3	0	1	279	197	475	7.10e-188	516
OG_31	OG_002056	98.1	465	9	0	1	465	1	465	5.06e-316	848
OG_8	OG_002060	96.6	326	11	0	1	326	200	525	1.18e-223	629
OG_29	OG_002054	97.7	222	5	0	1	222	61	282	2.07e-168	457
OG_29	OG_002047	27.9	215	140	7	1	205	58	267	2.84e-11	52.8
OG_62	OG_002051	98.3	234	4	0	1	234	1	234	1.77e-170	461
OG_53	OG_002077	97.6	378	9	0	1	378	5	382	1.77e-250	675
OG_77	OG_002059	89.3	28	3	0	1	28	473	500	6.83e-15	56.2
OG_27	OG_002052	100	387	0	0	1	387	1	387	8.45e-288	770
OG_27	OG_002064	100	387	0	0	1	387	1	387	8.45e-288	770
OG_34	OG_002059	98.9	713	8	0	1	713	1	713	0.0	1417
OG_34	OG_002060	35.9	696	395	12	5	699	399	1044	5.06e-130	402
OG_34	OG_002049	32.5	212	129	9	180	383	2	207	7.77e-22	88.2
OG_42	OG_002067	96.5	171	6	0	1	171	1	171	2.15e-111	308
OG_93	OG_002048	74.0	73	19	0	1	73	263	335	6.29e-30	100
OG_50	OG_002074	98.3	237	4	0	1	237	1	237	6.66e-172	464
OG_50	OG_002046	27.0	256	148	7	3	232	8	250	1.12e-18	74.7
OG_22	OG_002045	98.9	94	1	0	1	94	375	468	1.50e-56	172
OG_36	OG_002061	94.8	405	21	0	1	405	1	405	7.84e-285	764
OG_83	OG_002056	100	60	0	0	1	60	151	210	7.71e-36	116
OG_33	OG_002058	97.7	558	13	0	1	558	99	656	0.0	1079
