OG_72	VFG026307(gb|WP_011544653)	52.6	57	27	0	5	61	269	325	1.09e-13	63.9
OG_35	VFG018674(gb|WP_008809635)	48.2	361	177	2	15	365	17	377	2.78e-103	310
OG_35	VFG005841(gb|WP_002262748)	47.9	361	178	3	15	365	15	375	6.95e-98	296
OG_35	VFG037949(gb|WP_001100755)	29.5	281	178	8	7	281	2	268	2.48e-21	93.6
OG_35	VFG038134(gb|WP_020752682)	29.5	281	178	8	7	281	2	268	1.60e-20	91.3
OG_35	VFG038060(gb|WP_000262379)	27.5	284	164	9	16	281	8	267	4.53e-14	72.4
OG_41	VFG013464(gb|WP_011609611)	29.0	241	150	7	2	236	19	244	8.88e-25	98.6
OG_41	VFG013178(gb|WP_012341378)	28.6	241	151	7	2	236	19	244	1.77e-23	95.1
OG_41	VFG013461(gb|WP_011272550)	29.1	244	146	8	2	236	19	244	1.29e-21	90.1
OG_41	VFG013462(gb|WP_011961990)	28.7	244	147	8	2	236	19	244	2.50e-21	89.4
OG_41	VFG000329(gb|WP_005693564)	28.2	245	147	8	2	236	19	244	1.78e-19	84.3
OG_41	VFG019119(gb|WP_001076780)	27.4	241	160	7	4	236	22	255	4.79e-16	75.1
OG_7	VFG000688(gb|AAP42181)	29.9	221	148	5	5	222	9	225	1.18e-20	89.7
OG_12	VFG046622(gb|WP_012280805)	33.9	369	222	7	90	446	87	445	3.51e-55	190
OG_12	VFG046630(gb|WP_044247433)	32.4	343	220	4	101	437	99	435	6.88e-54	187
OG_12	VFG046621(gb|WP_003039944)	31.9	361	198	6	101	437	99	435	1.37e-52	183
OG_12	VFG046633(gb|WP_043024564)	31.9	351	211	6	101	437	99	435	1.37e-52	183
OG_12	VFG046637(gb|WP_041263711)	32.3	384	238	7	90	461	86	459	3.70e-52	182
OG_12	VFG046626(gb|WP_012429568)	32.2	351	210	6	101	437	99	435	5.16e-52	182
OG_12	VFG046623(gb|WP_003025498)	32.2	351	210	6	101	437	99	435	1.00e-51	181
OG_12	VFG046624(gb|WP_003016722)	32.2	351	210	6	101	437	99	435	1.00e-51	181
OG_12	VFG046628(gb|WP_003020689)	31.9	351	211	6	101	437	99	435	3.77e-51	179
OG_12	VFG016399(gb|WP_001257886)	42.9	198	105	4	252	447	12	203	1.00e-38	140
OG_12	VFG012067(gb|WP_002853498)	45.9	185	92	5	250	433	3	180	1.63e-38	138
OG_12	VFG047304(gb|WP_003040376)	42.2	192	103	4	252	441	10	195	2.05e-38	138
OG_12	VFG048841(gb|WP_014907232)	34.5	267	163	4	175	430	192	457	4.27e-38	144
OG_12	VFG012065(gb|YP_002344517)	45.9	185	92	5	250	433	3	180	4.42e-38	137
OG_12	VFG012066(gb|WP_002867208)	45.4	185	93	5	250	433	3	180	8.58e-38	136
OG_12	VFG017835(gb|WP_011989880)	44.3	185	95	5	250	433	3	180	1.69e-36	133
OG_12	VFG048957(gb|WP_012541089)	41.8	182	100	2	254	430	275	455	6.83e-36	138
OG_12	VFG007668(gb|WP_011082429)	36.8	253	151	4	185	430	206	456	6.93e-36	138
OG_12	VFG037974(gb|WP_000919783)	40.8	191	105	3	253	441	2	186	7.06e-36	131
OG_12	VFG007669(gb|WP_011151787)	36.8	253	151	4	185	430	206	456	9.52e-36	137
OG_12	VFG012068(gb|WP_002850222)	42.4	198	106	4	252	447	5	196	2.43e-35	130
OG_12	VFG007667(gb|WP_005478391)	36.5	255	149	5	185	430	206	456	2.47e-35	136
OG_12	VFG048839(gb|WP_041937831)	43.6	179	95	2	254	427	275	452	3.07e-35	136
OG_12	VFG038020(gb|WP_000595803)	41.9	191	103	4	253	441	2	186	5.09e-35	129
OG_12	VFG048942(gb|WP_012967595)	33.7	252	160	3	185	430	205	455	6.29e-35	135
OG_10	VFG000329(gb|WP_005693564)	47.2	53	26	1	160	210	213	265	3.10e-09	55.5
OG_10	VFG013461(gb|WP_011272550)	45.3	53	27	1	160	210	213	265	5.72e-09	54.7
OG_10	VFG013462(gb|WP_011961990)	45.3	53	27	1	160	210	213	265	1.43e-08	53.5
OG_69	VFG001937(gb|YP_002344529)	50.0	44	21	1	181	224	3	45	1.71e-08	53.9
OG_69	VFG001939(gb|YP_002344531)	48.8	43	21	1	182	224	4	45	7.54e-08	52.0
OG_69	VFG001968(gb|YP_002344823)	48.8	43	21	1	182	224	4	45	1.88e-07	50.8
OG_18	VFG011192(gb|WP_003807080)	27.2	254	175	6	18	264	13	263	1.20e-21	90.9
OG_74	VFG005898(gb|WP_002904719)	78.1	137	30	0	1	137	152	288	6.61e-72	216
OG_74	VFG018664(gb|WP_012000426)	78.1	137	30	0	1	137	152	288	6.61e-72	216
OG_74	VFG006015(gb|WP_000676152)	76.6	137	32	0	1	137	152	288	7.60e-71	214
OG_74	VFG006041(gb|WP_011681286)	75.2	137	34	0	1	137	152	288	4.34e-70	212
OG_74	VFG006052(gb|WP_011226150)	75.2	137	34	0	1	137	152	288	4.34e-70	212
OG_74	VFG005997(gb|WP_002263084)	76.3	135	32	0	3	137	154	288	5.72e-68	206
OG_74	VFG037938(gb|WP_000104825)	66.9	136	45	0	2	137	155	290	2.32e-62	192
OG_74	VFG047048(gb|WP_014714814)	67.9	134	43	0	4	137	158	291	6.31e-61	189
OG_74	VFG047033(gb|WP_012280623)	67.2	134	44	0	4	137	158	291	1.79e-60	187
OG_74	VFG047049(gb|WP_013922612)	67.2	134	44	0	4	137	158	291	5.08e-60	186
OG_74	VFG007660(gb|WP_011149274)	67.2	137	45	0	1	137	155	291	9.89e-60	186
OG_74	VFG048826(gb|YP_005227857)	66.9	136	45	0	2	137	153	288	6.72e-59	183
OG_74	VFG007661(gb|WP_011261023)	64.7	133	47	0	2	134	153	285	1.01e-57	181
OG_74	VFG047034(gb|WP_010030797)	64.1	131	47	0	4	134	159	289	7.08e-57	178
OG_74	VFG047037(gb|WP_012429802)	64.1	131	47	0	4	134	159	289	7.08e-57	178
OG_74	VFG047039(gb|WP_003018140)	64.1	131	47	0	4	134	159	289	7.08e-57	178
OG_74	VFG047040(gb|WP_003025230)	64.1	131	47	0	4	134	159	289	7.08e-57	178
OG_74	VFG047044(gb|WP_014550113)	64.1	131	47	0	4	134	159	289	1.63e-56	177
OG_74	VFG047041(gb|WP_014548762)	64.1	131	47	0	4	134	159	289	1.95e-56	177
OG_74	VFG048823(gb|WP_014230059)	64.0	136	49	0	2	137	153	288	1.40e-55	175
OG_74	VFG048822(gb|WP_004122480)	64.0	136	49	0	2	137	153	288	1.98e-55	174
OG_74	VFG029487(gb|WP_003879222)	65.2	132	46	0	3	134	153	284	2.10e-55	174
OG_74	VFG045308(gb|WP_011213310)	63.9	133	48	0	2	134	153	285	8.40e-55	173
OG_74	VFG029483(gb|NP_214848)	63.6	132	48	0	3	134	153	284	1.55e-54	172
OG_74	VFG029507(gb|WP_014943052)	62.9	132	49	0	3	134	153	284	3.37e-54	171
OG_64	VFG006081(gb|WP_014621820)	60.0	110	42	1	1	108	165	274	1.32e-39	133
OG_64	VFG006089(gb|WP_011681446)	60.0	110	42	1	1	108	165	274	1.32e-39	133
OG_64	VFG005889(gb|WP_002261974)	59.1	110	43	1	1	108	165	274	1.50e-38	130
OG_64	VFG018667(gb|WP_012000437)	59.1	110	43	1	1	108	165	274	2.07e-38	130
OG_64	VFG005838(gb|WP_011836759)	58.2	110	44	1	1	108	165	274	3.32e-37	127
OG_15	VFG026307(gb|WP_011544653)	47.5	573	289	6	147	710	123	692	5.10e-164	489
OG_15	VFG001937(gb|YP_002344529)	37.2	113	62	4	181	292	3	107	5.37e-16	80.5
OG_15	VFG001341(gb|WP_000362087)	45.3	95	49	3	181	275	3	94	6.55e-16	79.3
OG_15	VFG005971(gb|YP_001197939)	39.1	110	64	3	181	290	3	109	7.77e-15	76.3
OG_15	VFG001939(gb|YP_002344531)	41.7	84	47	2	182	265	4	85	5.33e-14	74.3
OG_15	VFG006083(gb|WP_011681443)	35.1	94	58	3	180	273	4	94	9.78e-14	72.8
OG_15	VFG001968(gb|YP_002344823)	39.3	84	49	2	182	265	4	85	1.75e-11	66.6
OG_15	VFG017990(gb|WP_012006776)	30.0	110	69	4	181	290	5	106	1.08e-09	61.2
OG_15	VFG005926(gb|WP_011227240)	31.4	118	77	4	437	554	4	117	6.02e-09	58.2
OG_15	VFG001342(gb|WP_000420465)	34.0	94	58	2	438	531	2	91	2.51e-07	53.1
OG_15	VFG016374(gb|WP_000908873)	37.9	95	51	4	439	531	2	90	3.12e-06	49.7
OG_15	VFG016393(gb|WP_001208782)	33.0	106	62	5	434	537	6	104	6.16e-06	48.9
OG_15	VFG038028(gb|WP_000898289)	33.0	103	65	3	437	537	6	106	1.19e-05	47.8
OG_15	VFG046756(gb|WP_013922878)	35.3	102	44	4	439	531	5	93	1.32e-05	47.8
OG_15	VFG013354(gb|WP_005648226)	30.9	94	60	3	439	531	5	94	1.19e-04	44.3
OG_15	VFG013356(gb|WP_041174820)	30.9	94	60	3	439	531	5	94	1.19e-04	44.3
OG_15	VFG019126(gb|WP_000389894)	47.7	44	22	1	437	480	2	44	1.23e-04	44.7
OG_15	VFG013471(gb|WP_005693601)	29.1	127	85	4	434	559	1	123	1.25e-04	44.7
OG_65	VFG013461(gb|WP_011272550)	44.6	74	39	1	9	82	6	77	2.95e-15	67.8
OG_65	VFG013462(gb|WP_011961990)	47.7	65	34	0	9	73	6	70	5.71e-15	67.0
OG_65	VFG000329(gb|WP_005693564)	46.2	65	35	0	9	73	6	70	1.53e-14	65.9
OG_65	VFG019119(gb|WP_001076780)	39.1	92	41	3	6	82	3	94	3.18e-14	65.1
OG_65	VFG013464(gb|WP_011609611)	44.6	65	36	0	9	73	6	70	4.13e-14	64.7
OG_16	VFG026307(gb|WP_011544653)	33.9	495	300	12	205	676	147	637	9.96e-81	271
OG_16	VFG016393(gb|WP_001208782)	27.3	282	164	15	220	473	9	277	2.97e-14	74.7
OG_16	VFG046741(gb|WP_003039924)	39.1	115	64	4	222	333	10	121	1.48e-13	72.4
OG_16	VFG046752(gb|WP_014549985)	39.1	115	64	4	222	333	10	121	2.66e-13	71.6
OG_16	VFG005021(gb|WP_011302065)	26.0	208	143	5	222	425	6	206	1.49e-12	68.2
OG_16	VFG012081(gb|YP_002344521)	33.3	114	65	4	220	328	2	109	9.72e-09	57.4
OG_16	VFG012082(gb|WP_002867212)	33.3	114	65	4	220	328	2	109	9.72e-09	57.4
OG_16	VFG018086(gb|WP_002866141)	33.3	114	65	4	220	328	2	109	9.72e-09	57.4
OG_16	VFG017839(gb|WP_011989876)	33.3	114	65	4	220	328	2	109	1.30e-08	57.0
OG_16	VFG012083(gb|WP_002868945)	34.9	106	58	4	220	320	2	101	4.09e-08	55.5
OG_39	VFG016373(gb|WP_001108298)	38.7	473	289	1	1	473	1	472	9.78e-112	338
OG_39	VFG019125(gb|WP_001085099)	43.4	463	255	3	1	460	1	459	1.27e-106	325
OG_28	VFG005973(gb|WP_002263087)	79.8	337	68	0	2	338	5	341	1.49e-205	566
OG_28	VFG006022(gb|WP_002947383)	79.2	337	70	0	2	338	5	341	4.28e-205	565
OG_28	VFG018666(gb|WP_012000428)	79.2	337	70	0	2	338	5	341	2.47e-204	563
OG_28	VFG005862(gb|WP_009659423)	78.9	337	71	0	2	338	5	341	3.51e-204	563
OG_28	VFG007659(gb|WP_011261022)	44.8	348	156	8	3	326	2	337	1.36e-93	283
OG_28	VFG007658(gb|WP_011149273)	44.8	348	156	8	3	326	2	337	3.52e-91	276
OG_28	VFG048840(gb|WP_015958698)	43.8	349	160	7	3	327	2	338	3.63e-91	276
OG_28	VFG048834(gb|WP_014230060)	43.8	349	160	7	3	327	2	338	8.25e-90	273
OG_28	VFG048837(gb|YP_005227858)	43.8	349	160	7	3	327	2	338	8.25e-90	273
OG_28	VFG037923(gb|WP_000699387)	43.5	347	162	9	3	327	2	336	1.10e-89	272
OG_28	VFG049107(gb|WP_015958694)	43.6	349	161	7	3	327	2	338	1.65e-89	272
OG_28	VFG048833(gb|WP_014838944)	43.6	349	161	7	3	327	2	338	2.34e-89	271
OG_28	VFG045306(gb|WP_010946495)	43.7	339	160	7	1	319	22	349	7.00e-87	265
OG_28	VFG013368(gb|WP_005693225)	41.3	346	167	7	1	322	1	334	2.35e-85	261
OG_28	VFG013372(gb|WP_010944658)	41.0	349	170	8	3	327	2	338	1.20e-84	259
OG_28	VFG013369(gb|WP_011272256)	42.2	348	165	8	2	325	6	341	9.93e-84	257
OG_28	VFG047024(gb|WP_014548761)	42.6	338	163	8	2	319	6	332	5.17e-83	254
OG_28	VFG047018(gb|WP_010030795)	42.0	338	165	8	2	319	6	332	1.46e-82	253
OG_28	VFG047032(gb|WP_013922615)	42.6	338	163	8	2	319	5	331	2.01e-82	253
OG_28	VFG047023(gb|WP_003030216)	42.3	338	164	8	2	319	6	332	4.13e-82	252
OG_28	VFG013371(gb|WP_005648212)	40.9	345	164	9	4	322	3	333	4.26e-82	252
OG_28	VFG047027(gb|WP_014550111)	42.3	338	164	8	2	319	12	338	4.97e-82	252
OG_28	VFG047020(gb|WP_012429801)	42.2	339	164	8	2	319	21	348	6.73e-82	252
OG_28	VFG047022(gb|WP_003029663)	42.3	338	164	8	2	319	6	332	8.27e-82	251
OG_28	VFG013370(gb|WP_005651396)	40.9	345	164	9	4	322	3	333	8.53e-82	251
OG_79	VFG005922(gb|WP_011837183)	42.1	38	22	0	8	45	134	171	3.55e-05	38.1
OG_40	VFG006055(gb|WP_002902064)	42.1	126	71	2	8	133	3	126	3.54e-22	94.4
OG_4	VFG005983(gb|YP_001197940)	43.6	227	118	4	1	220	1	224	9.34e-52	170
OG_4	VFG019126(gb|WP_000389894)	45.0	211	112	2	4	210	5	215	4.88e-51	168
OG_4	VFG005868(gb|WP_011681166)	38.8	237	127	4	3	225	6	238	2.37e-50	166
OG_4	VFG001341(gb|WP_000362087)	40.8	233	128	5	1	225	1	231	2.82e-47	158
OG_4	VFG046727(gb|WP_003016703)	39.4	213	121	2	4	212	7	215	3.78e-47	158
OG_4	VFG046725(gb|WP_003039928)	39.4	213	121	2	4	212	7	215	5.32e-47	157
OG_4	VFG046730(gb|WP_012429563)	39.0	213	122	2	4	212	7	215	2.95e-46	155
OG_4	VFG046732(gb|WP_003020707)	39.0	213	122	2	4	212	7	215	2.95e-46	155
OG_4	VFG005942(gb|WP_000660895)	36.0	225	139	4	3	223	4	227	1.25e-45	154
OG_4	VFG005941(gb|WP_000415346)	36.6	224	137	4	4	223	7	229	2.60e-45	153
OG_4	VFG046736(gb|WP_014549986)	39.2	212	122	2	4	212	7	214	4.46e-45	152
OG_4	VFG046734(gb|WP_015083854)	39.0	213	121	3	4	212	7	214	1.24e-44	151
OG_4	VFG046740(gb|WP_013922877)	39.2	212	118	3	4	210	7	212	1.71e-44	151
OG_4	VFG046726(gb|WP_012280810)	38.3	209	126	3	4	210	4	211	1.96e-43	148
OG_4	VFG005926(gb|WP_011227240)	38.8	227	131	2	4	224	7	231	2.21e-43	148
OG_4	VFG005929(gb|WP_000591737)	39.2	212	123	3	4	210	10	220	3.86e-42	145
OG_4	VFG005930(gb|WP_000591736)	39.2	212	123	3	4	210	10	220	3.86e-42	145
OG_4	VFG016374(gb|WP_000908873)	38.9	226	123	4	4	219	3	223	1.66e-41	143
OG_4	VFG046752(gb|WP_014549985)	31.4	210	139	2	4	210	10	217	2.40e-36	130
OG_4	VFG046741(gb|WP_003039924)	31.4	210	139	2	4	210	10	217	9.27e-36	129
OG_4	VFG046742(gb|WP_003016702)	31.9	210	138	2	4	210	10	217	1.82e-35	128
OG_4	VFG046748(gb|WP_003032069)	31.9	210	138	2	4	210	10	217	1.82e-35	128
OG_4	VFG046756(gb|WP_013922878)	33.6	223	135	3	4	218	6	223	2.13e-35	127
OG_4	VFG046745(gb|WP_012429562)	31.4	210	139	2	4	210	10	217	3.57e-35	127
OG_4	VFG046747(gb|WP_003020709)	31.4	210	139	2	4	210	10	217	5.00e-35	127
OG_70	VFG018674(gb|WP_008809635)	49.1	106	46	1	20	117	18	123	2.43e-26	100
OG_70	VFG005841(gb|WP_002262748)	44.7	103	49	1	23	117	19	121	1.34e-18	79.3
OG_70	VFG038060(gb|WP_000262379)	37.0	92	49	2	14	100	2	89	8.43e-09	51.6
OG_70	VFG023798(gb|WP_005179818)	36.8	87	54	1	20	105	12	98	1.16e-08	51.2
OG_49	VFG006055(gb|WP_002902064)	64.3	42	15	0	8	49	3	44	1.43e-10	53.5
OG_78	VFG026307(gb|WP_011544653)	45.8	59	32	0	1	59	197	255	5.30e-09	49.7
OG_32	VFG005932(gb|WP_000066762)	34.7	219	129	6	2	206	6	224	1.72e-31	117
OG_32	VFG006086(gb|WP_011226328)	32.1	237	133	7	2	221	3	228	2.89e-28	108
OG_32	VFG006067(gb|WP_011681438)	31.5	235	137	7	2	221	3	228	1.45e-25	101
OG_32	VFG005913(gb|WP_002261976)	29.9	231	145	5	2	221	3	227	3.78e-25	100
OG_32	VFG006073(gb|WP_011227430)	31.1	235	138	7	2	221	3	228	1.05e-24	99.4
OG_32	VFG006055(gb|WP_002902064)	30.4	237	154	6	1	229	1	234	2.82e-20	87.4
OG_32	VFG005916(gb|WP_011681169)	31.8	214	130	7	2	206	3	209	5.19e-17	78.2
OG_32	VFG047050(gb|WP_011457399)	25.2	214	136	7	2	201	4	207	8.86e-14	68.9
OG_32	VFG047053(gb|WP_012429803)	25.2	214	136	7	2	201	4	207	8.86e-14	68.9
OG_32	VFG047055(gb|WP_003022283)	25.2	214	136	7	2	201	4	207	8.86e-14	68.9
OG_32	VFG047061(gb|WP_014367992)	24.8	214	137	7	2	201	4	207	5.80e-13	66.6
OG_32	VFG005994(gb|WP_011837189)	33.0	91	60	1	1	90	4	94	2.00e-07	51.2
OG_26	VFG006027(gb|WP_002916998)	59.8	241	94	1	1	241	1	238	6.13e-99	288
OG_26	VFG006079(gb|WP_011681442)	58.5	241	97	1	1	241	1	238	8.21e-97	282
OG_30	VFG018664(gb|WP_012000426)	78.5	288	62	0	1	288	1	288	5.20e-164	456
OG_30	VFG005898(gb|WP_002904719)	78.1	288	63	0	1	288	1	288	7.38e-164	456
OG_30	VFG006015(gb|WP_000676152)	77.1	288	66	0	1	288	1	288	1.22e-162	453
OG_30	VFG006052(gb|WP_011226150)	77.1	288	66	0	1	288	1	288	1.00e-161	451
OG_30	VFG005997(gb|WP_002263084)	77.4	288	65	0	1	288	1	288	5.77e-161	449
OG_30	VFG006041(gb|WP_011681286)	76.7	288	67	0	1	288	1	288	5.77e-161	449
OG_30	VFG037938(gb|WP_000104825)	69.7	287	87	0	2	288	4	290	1.28e-148	417
OG_30	VFG007661(gb|WP_011261023)	69.5	285	87	0	1	285	1	285	3.37e-146	412
OG_30	VFG048826(gb|YP_005227857)	69.4	288	88	0	1	288	1	288	2.61e-143	404
OG_30	VFG007660(gb|WP_011149274)	69.1	291	87	1	1	288	1	291	1.07e-141	400
OG_30	VFG047048(gb|WP_014714814)	66.3	291	95	1	1	288	1	291	1.11e-141	400
OG_30	VFG048823(gb|WP_014230059)	68.4	288	91	0	1	288	1	288	2.88e-140	396
OG_30	VFG048822(gb|WP_004122480)	68.4	288	91	0	1	288	1	288	4.09e-140	396
OG_30	VFG047033(gb|WP_012280623)	65.3	291	98	1	1	288	1	291	4.97e-138	391
OG_30	VFG047049(gb|WP_013922612)	65.3	291	98	1	1	288	1	291	1.00e-137	390
OG_30	VFG047044(gb|WP_014550113)	65.1	289	97	2	1	285	1	289	3.01e-135	384
OG_30	VFG047041(gb|WP_014548762)	64.7	289	98	2	1	285	1	289	1.41e-134	382
OG_30	VFG047039(gb|WP_003018140)	64.0	289	100	1	1	285	1	289	2.07e-134	382
OG_30	VFG047040(gb|WP_003025230)	64.0	289	100	1	1	285	1	289	2.07e-134	382
OG_30	VFG047034(gb|WP_010030797)	64.0	289	100	1	1	285	1	289	5.91e-134	380
OG_30	VFG047037(gb|WP_012429802)	63.7	289	101	1	1	285	1	289	1.69e-133	379
OG_30	VFG045308(gb|WP_011213310)	64.6	285	101	0	1	285	1	285	4.78e-130	370
OG_30	VFG029516(gb|WP_015292076)	63.2	285	104	1	1	285	1	284	4.47e-125	358
OG_30	VFG029483(gb|NP_214848)	62.8	285	105	1	1	285	1	284	8.99e-125	357
OG_30	VFG018001(gb|WP_002866148)	61.0	290	111	1	1	288	1	290	1.47e-124	357
OG_88	VFG026307(gb|WP_011544653)	53.0	83	39	0	1	83	217	299	4.72e-21	85.1
OG_80	VFG049050(gb|WP_015958690)	44.6	148	74	1	2	141	4	151	1.16e-41	143
OG_80	VFG049059(gb|WP_020956643)	41.9	136	79	0	6	141	3	138	8.83e-36	127
OG_80	VFG049057(gb|WP_012541096)	41.2	136	80	0	6	141	3	138	3.35e-35	125
OG_80	VFG026227(gb|WP_004538663)	42.5	146	71	1	6	138	8	153	5.36e-35	125
OG_80	VFG049076(gb|WP_004852439)	36.4	140	85	1	6	141	5	144	8.32e-32	113
OG_80	VFG049077(gb|WP_014230053)	36.4	140	85	1	6	141	5	144	8.32e-32	113
OG_80	VFG049041(gb|WP_002912371)	35.0	140	87	1	6	141	5	144	1.65e-31	112
OG_80	VFG049080(gb|YP_005227849)	35.0	140	87	1	6	141	5	144	1.65e-31	112
OG_80	VFG049084(gb|WP_004175264)	35.0	140	87	1	6	141	5	144	1.65e-31	112
OG_80	VFG026219(gb|WP_011544657)	32.3	99	64	1	43	141	21	116	6.23e-12	60.5
OG_80	VFG007911(gb|WP_010908851)	27.1	107	67	1	42	137	24	130	9.10e-09	52.4
OG_80	VFG022453(gb|WP_012393578)	25.9	116	66	3	33	133	14	124	1.69e-08	51.6
OG_80	VFG007912(gb|WP_011740072)	25.9	116	66	3	33	133	14	124	3.13e-08	50.8
OG_80	VFG008825(gb|WP_015355163)	25.9	116	66	3	33	133	14	124	3.13e-08	50.8
OG_80	VFG008680(gb|WP_015309619)	25.7	109	70	1	42	139	22	130	5.81e-08	50.1
OG_80	VFG016024(gb|WP_011267350)	36.7	60	37	1	38	97	352	410	4.17e-07	47.8
OG_80	VFG016021(gb|WP_003148545)	36.7	49	31	0	41	89	355	403	5.65e-07	47.4
OG_80	VFG016030(gb|WP_011333314)	35.4	48	31	0	41	88	354	401	5.65e-07	47.4
OG_80	VFG016023(gb|WP_011103875)	36.7	60	37	1	38	97	352	410	7.69e-07	47.0
OG_80	VFG016025(gb|WP_005753277)	36.7	60	37	1	38	97	352	410	7.70e-07	47.0
OG_80	VFG016027(gb|WP_041168379)	31.6	57	39	0	41	97	354	410	1.04e-06	46.6
OG_80	VFG020065(gb|WP_012614134)	36.7	49	31	0	41	89	354	402	1.04e-06	46.6
OG_80	VFG016028(gb|WP_011534370)	31.6	57	39	0	41	97	354	410	1.42e-06	46.2
OG_80	VFG016029(gb|WP_011062372)	34.7	49	32	0	41	89	354	402	1.93e-06	45.8
OG_80	VFG000160(gb|NP_251087)	32.7	49	33	0	41	89	354	402	2.62e-06	45.4
OG_11	VFG013354(gb|WP_005648226)	39.0	251	151	2	1	250	1	250	2.10e-51	167
OG_11	VFG013356(gb|WP_041174820)	38.2	251	153	2	1	250	1	250	2.36e-50	165
OG_11	VFG005021(gb|WP_011302065)	38.0	234	143	2	1	233	1	233	2.09e-49	162
OG_11	VFG016398(gb|WP_000606280)	34.8	247	144	5	2	243	7	241	1.67e-44	150
OG_11	VFG048867(gb|WP_014230062)	36.1	219	136	3	6	224	10	224	4.74e-37	130
OG_11	VFG037945(gb|WP_000961495)	33.5	218	122	7	5	209	2	209	2.15e-28	110
OG_11	VFG005983(gb|YP_001197940)	31.8	242	146	4	6	233	4	240	4.07e-27	106
OG_11	VFG046752(gb|WP_014549985)	32.4	207	123	4	5	196	9	213	1.52e-24	99.8
OG_11	VFG046742(gb|WP_003016702)	53.8	91	41	1	5	95	9	98	2.10e-24	99.4
OG_11	VFG046748(gb|WP_003032069)	53.8	91	41	1	5	95	9	98	2.10e-24	99.4
OG_11	VFG001341(gb|WP_000362087)	36.0	200	114	6	6	192	4	202	3.31e-24	98.6
OG_11	VFG046745(gb|WP_012429562)	52.7	91	42	1	5	95	9	98	4.03e-24	98.6
OG_11	VFG006086(gb|WP_011226328)	31.5	213	125	8	6	202	3	210	4.39e-24	98.2
OG_11	VFG019126(gb|WP_000389894)	32.7	245	152	5	5	237	4	247	4.39e-24	98.2
OG_11	VFG046726(gb|WP_012280810)	27.1	240	155	5	5	228	3	238	4.46e-24	98.2
OG_11	VFG046756(gb|WP_013922878)	29.2	226	140	4	1	213	1	219	4.93e-24	98.2
OG_11	VFG046747(gb|WP_003020709)	52.7	91	42	1	5	95	9	98	5.59e-24	98.2
OG_11	VFG038028(gb|WP_000898289)	26.6	218	151	4	2	210	5	222	9.05e-24	97.1
OG_11	VFG050195(gb|WP_000272144)	32.0	244	144	6	1	224	1	242	9.75e-24	97.8
OG_11	VFG046749(gb|WP_014548569)	52.7	91	42	1	5	95	4	93	1.00e-23	97.4
OG_11	VFG005941(gb|WP_000415346)	30.7	218	141	4	5	213	6	222	1.28e-23	97.1
OG_11	VFG046741(gb|WP_003039924)	52.7	91	42	1	5	95	9	98	2.84e-23	96.3
OG_11	VFG005926(gb|WP_011227240)	37.0	127	78	2	4	130	5	129	4.70e-23	95.5
OG_11	VFG046740(gb|WP_013922877)	27.8	216	144	5	6	213	7	218	5.91e-23	95.1
OG_11	VFG046725(gb|WP_003039928)	28.7	216	141	5	5	211	6	217	1.16e-22	94.4
OG_31	VFG047144(gb|WP_010030803)	41.2	136	72	4	4	135	14	145	8.25e-23	91.3
OG_31	VFG047147(gb|WP_003027881)	41.2	136	72	4	4	135	14	145	8.25e-23	91.3
OG_31	VFG047149(gb|WP_003029668)	41.2	136	72	4	4	135	14	145	8.25e-23	91.3
OG_31	VFG047143(gb|WP_011733708)	41.2	136	72	4	4	135	14	145	8.35e-23	91.3
OG_31	VFG016542(gb|NP_975952)	32.3	127	80	3	3	127	2	124	1.89e-17	75.1
OG_31	VFG016528(gb|NP_975938)	32.3	127	80	3	3	127	2	124	3.14e-17	76.3
OG_31	VFG016535(gb|NP_975945)	32.3	127	80	3	3	127	2	124	3.14e-17	76.3
OG_31	VFG017987(gb|WP_012006774)	29.4	143	96	3	1	142	1	139	2.46e-14	68.2
OG_31	VFG029547(gb|WP_014876758)	32.3	127	82	1	5	127	6	132	7.96e-12	61.2
OG_31	VFG017989(gb|WP_002867010)	30.5	141	85	6	1	136	1	133	8.80e-11	58.2
OG_31	VFG038090(gb|WP_000721143)	28.3	92	59	2	5	89	287	378	5.97e-05	41.6
OG_31	VFG038065(gb|WP_000713593)	28.3	92	59	2	5	89	287	378	8.10e-05	41.2
OG_31	VFG037911(gb|WP_000721147)	28.3	92	59	2	5	89	287	378	2.74e-04	39.7
OG_29	VFG007663(gb|WP_011149276)	50.6	180	84	4	2	178	2	179	1.11e-54	171
OG_29	VFG045304(gb|WP_010946493)	47.5	181	91	4	3	182	3	180	5.82e-50	159
OG_29	VFG002375(gb|WP_005167727)	33.3	171	109	3	1	171	3	168	2.15e-30	109
OG_62	VFG000690(gb|AAP42183)	34.4	64	38	1	385	444	1049	1112	5.75e-05	47.0
OG_27	VFG006081(gb|WP_014621820)	60.6	213	83	1	1	212	1	213	1.18e-90	267
OG_27	VFG006089(gb|WP_011681446)	60.1	213	84	1	1	212	1	213	4.76e-90	266
OG_27	VFG018667(gb|WP_012000437)	60.1	213	84	1	1	212	1	213	1.56e-88	262
OG_27	VFG005889(gb|WP_002261974)	58.2	213	88	1	1	212	1	213	9.26e-88	260
OG_27	VFG005838(gb|WP_011836759)	59.6	213	85	1	1	212	1	213	3.04e-86	256
OG_27	VFG007662(gb|WP_011149275)	42.3	215	114	5	2	210	3	213	5.60e-45	151
OG_27	VFG045305(gb|WP_010946494)	42.4	217	116	5	2	212	3	216	1.61e-44	150
OG_34	VFG049072(gb|WP_015958692)	33.0	261	163	7	1	259	6	256	3.07e-30	114
OG_50	VFG007663(gb|WP_011149276)	53.8	65	27	2	1	63	1	64	4.38e-16	67.8
OG_50	VFG045304(gb|WP_010946493)	46.9	64	32	2	1	63	1	63	4.05e-13	60.1
OG_22	VFG047144(gb|WP_010030803)	39.4	317	177	8	4	314	14	321	6.20e-61	197
OG_22	VFG047147(gb|WP_003027881)	39.4	317	177	8	4	314	14	321	6.20e-61	197
OG_22	VFG047149(gb|WP_003029668)	39.4	317	177	8	4	314	14	321	6.20e-61	197
OG_22	VFG047143(gb|WP_011733708)	39.4	315	176	8	4	312	14	319	1.27e-60	196
OG_22	VFG037918(gb|WP_001077698)	36.7	327	179	10	4	312	18	334	1.42e-58	191
OG_22	VFG037910(gb|WP_000085124)	36.9	325	176	10	2	307	16	330	3.38e-58	190
OG_22	VFG038016(gb|WP_001083066)	36.3	322	179	10	2	306	16	328	1.47e-56	186
OG_22	VFG000430(gb|WP_000127915)	36.6	333	181	11	2	314	16	338	8.51e-54	179
OG_22	VFG019782(gb|WP_003163315)	36.1	321	177	11	4	306	18	328	2.29e-51	172
OG_22	VFG029548(gb|YP_001704838)	27.8	342	202	6	5	306	2	338	1.99e-35	131
OG_22	VFG029554(gb|WP_005062162)	27.8	342	202	6	5	306	2	338	1.99e-35	131
OG_22	VFG029546(gb|WP_009977510)	28.4	342	200	6	5	306	2	338	2.63e-34	128
OG_22	VFG017987(gb|WP_012006774)	28.7	314	203	7	1	301	1	306	3.12e-34	127
OG_22	VFG029547(gb|WP_014876758)	27.1	354	212	6	5	317	6	354	8.23e-34	127
OG_22	VFG013369(gb|WP_011272256)	31.3	342	195	12	2	314	6	336	1.85e-33	125
OG_22	VFG013370(gb|WP_005651396)	30.3	343	195	11	3	314	2	331	7.55e-33	124
OG_22	VFG013371(gb|WP_005648212)	30.0	343	196	11	3	314	2	331	2.04e-32	122
OG_22	VFG017989(gb|WP_002867010)	27.2	323	209	9	1	312	1	308	2.97e-30	116
OG_22	VFG013368(gb|WP_005693225)	29.6	345	199	11	1	314	1	332	3.08e-30	117
OG_22	VFG016528(gb|NP_975938)	25.5	329	221	9	3	314	2	323	2.68e-26	106
OG_22	VFG016535(gb|NP_975945)	25.5	329	221	9	3	314	2	323	2.68e-26	106
OG_22	VFG017750(gb|WP_011990753)	27.6	319	200	12	2	311	3	299	1.10e-21	93.2
OG_22	VFG011697(gb|WP_002869407)	27.2	320	202	12	1	311	2	299	2.83e-21	92.0
OG_22	VFG001955(gb|YP_002344810)	27.3	319	201	12	2	311	3	299	3.94e-21	91.7
OG_22	VFG016542(gb|NP_975952)	28.0	189	127	5	3	186	2	186	4.24e-19	84.0
OG_17	VFG049050(gb|WP_015958690)	36.5	394	205	9	2	355	4	392	7.54e-69	224
OG_17	VFG049076(gb|WP_004852439)	39.3	244	144	1	3	242	2	245	2.78e-64	206
OG_17	VFG049077(gb|WP_014230053)	39.3	244	144	1	3	242	2	245	2.78e-64	206
OG_17	VFG026227(gb|WP_004538663)	44.5	247	123	2	5	238	7	252	5.35e-64	212
OG_17	VFG049059(gb|WP_020956643)	42.2	258	145	1	5	262	2	255	9.56e-62	205
OG_17	VFG049080(gb|YP_005227849)	37.2	242	148	1	5	242	4	245	9.59e-62	199
OG_17	VFG049084(gb|WP_004175264)	37.2	242	148	1	5	242	4	245	9.59e-62	199
OG_17	VFG049041(gb|WP_002912371)	37.2	242	148	1	5	242	4	245	1.35e-61	199
OG_17	VFG049057(gb|WP_012541096)	43.2	234	133	0	5	238	2	235	2.83e-60	201
OG_17	VFG045320(gb|WP_010946510)	43.7	215	107	2	36	238	73	285	1.25e-56	192
OG_17	VFG002181(gb|WP_002387127)	36.3	240	151	2	3	242	18	255	4.87e-47	167
OG_17	VFG011190(gb|WP_003807078)	39.2	189	115	0	41	229	43	231	1.17e-43	156
OG_17	VFG002228(gb|WP_002963677)	33.3	201	134	0	42	242	48	248	1.21e-37	136
OG_17	VFG011493(gb|WP_006189961)	33.3	201	134	0	42	242	48	248	1.21e-37	136
OG_17	VFG019310(gb|WP_004686562)	33.3	201	134	0	42	242	48	248	1.21e-37	136
OG_17	VFG011491(gb|WP_002966711)	32.8	201	135	0	42	242	48	248	1.74e-36	133
OG_17	VFG026219(gb|WP_011544657)	34.7	193	121	3	41	233	19	206	5.81e-31	117
OG_17	VFG050168(gb|WP_000590258)	33.3	192	125	3	52	242	30	219	5.84e-28	109
OG_17	VFG026221(gb|WP_006484936)	33.5	191	122	3	43	233	23	208	2.05e-27	108
OG_17	VFG008680(gb|WP_015309619)	21.7	207	137	2	41	229	21	220	9.99e-13	68.6
OG_17	VFG022453(gb|WP_012393578)	23.1	208	148	2	33	229	14	220	3.23e-12	67.0
OG_17	VFG007912(gb|WP_011740072)	23.1	208	148	2	33	229	14	220	5.79e-12	66.2
OG_17	VFG008825(gb|WP_015355163)	23.1	208	148	2	33	229	14	220	5.79e-12	66.2
OG_17	VFG007911(gb|WP_010908851)	24.1	212	136	3	41	234	23	227	1.04e-11	65.5
