OG_002043	t1|AAI_000118	99.0	582	6	0	22	603	1	582	0.0	1101	603	583
OG_002044	t1|AAI_000119	98.9	175	2	0	147	321	1	175	7.55e-122	345	321	180
OG_002044	t1|AAI_000120	97.9	144	3	0	1	144	1	144	4.10e-94	273	321	145
OG_002044	t1|AAI_000154	25.5	333	212	12	1	312	1	318	1.94e-20	87.8	321	343
OG_002045	t1|AAI_000121	97.6	468	11	0	1	468	1	468	1.56e-311	843	473	469
OG_002046	t1|AAI_000122	98.4	257	4	0	67	323	1	257	8.92e-184	504	323	258
OG_002046	t1|AAI_000123	95.9	49	2	0	1	49	1	49	4.05e-25	93.2	323	50
OG_002046	t1|AAI_000159	34.7	118	72	2	8	124	3	116	1.99e-14	67.0	323	142
OG_002047	t1|AAI_000124	97.6	245	6	0	18	262	1	245	4.21e-187	510	274	246
OG_002047	t1|AAI_000133	30.0	267	172	7	6	267	9	265	1.10e-21	89.4	274	283
OG_002048	t1|AAI_000125	97.5	278	7	0	198	475	2	279	1.59e-181	506	475	280
OG_002048	t1|AAI_000126	97.9	193	4	0	1	193	1	193	4.43e-128	367	475	194
OG_002049	t1|AAI_000127	98.5	324	5	0	1	324	1	324	1.05e-228	621	324	325
OG_002049	t1|AAI_000134	33.2	193	118	5	4	193	6	190	6.09e-22	90.5	324	253
OG_002049	t1|AAI_000142	47.6	105	51	4	2	102	34	138	9.12e-21	90.1	324	528
OG_002050	t1|AAI_000128	98.9	352	4	0	1	352	240	591	5.92e-256	702	352	592
OG_002050	t1|AAI_000154	22.3	332	228	11	28	345	2	317	1.02e-17	80.5	352	343
OG_002051	t1|AAI_000128	98.7	234	3	0	1	234	1	234	5.03e-164	463	234	592
OG_002052	t1|AAI_000148	98.7	392	5	0	1	392	1	392	7.22e-284	766	392	393
OG_002052	t1|AAI_000129	97.8	229	5	0	1	229	1	229	4.42e-160	446	392	230
OG_002052	t1|AAI_000130	98.1	160	3	0	233	392	1	160	1.96e-108	313	392	161
OG_002052	t1|AAI_000150	25.1	378	274	5	6	377	10	384	1.07e-41	148	392	391
OG_002053	t1|AAI_000132	98.7	598	8	0	1	598	1	598	0.0	1035	893	599
OG_002053	t1|AAI_000131	98.6	281	4	0	613	893	1	281	8.49e-195	555	893	282
OG_002054	t1|AAI_000133	98.9	282	3	0	1	282	1	282	8.93e-218	590	282	283
OG_002054	t1|AAI_000124	30.0	250	158	8	22	260	2	245	1.14e-17	77.8	282	246
OG_002055	t1|AAI_000134	98.8	252	3	0	1	252	1	252	4.15e-183	499	252	253
OG_002055	t1|AAI_000127	32.1	218	133	7	6	211	4	218	3.53e-23	93.6	252	325
OG_002055	t1|AAI_000159	30.2	106	73	1	5	110	1	105	3.25e-13	62.8	252	142
OG_002055	t1|AAI_000142	25.8	213	145	5	6	210	36	243	1.33e-12	64.3	252	528
OG_002056	t1|AAI_000135	98.1	465	9	0	1	465	1	465	1.91e-316	855	465	466
OG_002057	t1|AAI_000136	97.7	433	10	0	1	433	1	433	1.84e-300	811	433	434
OG_002058	t1|AAI_000139	97.9	282	6	0	1	282	1	282	5.13e-192	540	656	295
OG_002058	t1|AAI_000137	98.4	190	3	0	467	656	1	190	5.67e-129	375	656	191
OG_002058	t1|AAI_000138	99.3	138	1	0	285	422	2	139	2.50e-89	271	656	140
OG_002059	t1|AAI_000140	97.7	479	11	0	235	713	1	479	0.0	943	713	480
OG_002059	t1|AAI_000141	97.0	231	7	0	1	231	1	231	3.24e-156	449	713	232
OG_002059	t1|AAI_000142	39.9	537	292	7	164	699	18	524	7.98e-125	379	713	528
OG_002059	t1|AAI_000127	32.5	212	129	9	180	383	2	207	2.02e-19	87.4	713	325
OG_002059	t1|AAI_000134	37.0	108	66	2	182	289	6	111	1.46e-14	71.6	713	253
OG_002060	t1|AAI_000142	97.3	527	14	0	521	1047	1	527	0.0	1023	1047	528
OG_002060	t1|AAI_000144	97.7	351	8	0	1	351	1	351	5.06e-240	679	1047	352
OG_002060	t1|AAI_000140	36.3	466	266	7	609	1044	1	465	3.08e-84	278	1047	480
OG_002060	t1|AAI_000143	95.3	106	5	0	382	487	1	106	3.22e-63	206	1047	107
OG_002060	t1|AAI_000141	32.9	225	131	5	399	603	5	229	5.31e-30	116	1047	232
OG_002060	t1|AAI_000127	47.6	105	51	4	554	658	2	102	3.17e-20	90.5	1047	325
OG_002060	t1|AAI_000134	35.6	104	65	2	556	659	6	107	1.54e-12	66.2	1047	253
OG_002061	t1|AAI_000145	97.5	405	10	0	1	405	1	405	1.94e-290	784	405	406
OG_002061	t1|AAI_000104	27.9	219	144	2	43	248	318	535	5.18e-21	92.4	405	569
OG_002062	t1|AAI_000146	97.0	264	8	0	1	264	1	264	7.26e-174	477	264	265
OG_002063	t1|AAI_000147	97.3	113	3	0	1	113	1	113	5.11e-64	187	113	114
OG_002065	t1|AAI_000149	97.6	83	2	0	1	83	1	83	3.14e-51	152	83	84
OG_002066	t1|AAI_000150	97.2	390	11	0	1	390	1	390	3.36e-272	736	390	391
OG_002066	t1|AAI_000148	25.7	378	272	5	10	384	6	377	1.06e-41	148	390	393
OG_002066	t1|AAI_000129	28.0	225	159	3	10	233	6	228	8.92e-29	109	390	230
OG_002067	t1|AAI_000151	100	52	0	0	183	234	211	262	1.50e-27	103	234	263
OG_002069	t1|AAI_000151	92.5	228	14	1	1	225	1	228	1.29e-149	415	241	263
OG_002070	t1|AAI_000153	97.7	133	3	0	1	133	1	133	9.10e-88	255	280	134
OG_002070	t1|AAI_000152	99.1	117	1	0	164	280	1	117	1.20e-79	234	280	118
OG_002071	t1|AAI_000154	97.7	342	8	0	1	342	1	342	4.46e-255	689	342	343
OG_002071	t1|AAI_000128	22.9	332	226	11	2	317	267	584	8.99e-18	81.6	342	592
OG_002072	t1|AAI_000155	97.2	107	3	0	84	190	1	107	2.05e-77	224	190	108
OG_002072	t1|AAI_000156	98.4	63	1	0	1	63	1	63	3.37e-41	131	190	64
OG_002073	t1|AAI_000157	97.6	288	7	0	1	288	1	288	1.51e-203	554	288	289
OG_002074	t1|AAI_000159	96.5	141	5	0	1	141	1	141	7.10e-95	271	237	142
OG_002074	t1|AAI_000158	100	83	0	0	155	237	1	83	8.13e-55	168	237	84
OG_002074	t1|AAI_000134	30.2	106	73	1	1	105	5	110	7.68e-13	63.5	237	253
OG_002075	t1|AAI_000160	98.2	275	5	0	1	275	1	275	1.15e-196	536	275	276
OG_002076	t1|AAI_000161	98.5	260	4	0	1	260	1	260	6.15e-189	515	260	261
OG_002077	t1|AAI_000162	97.1	378	11	0	5	382	1	378	5.92e-245	667	382	379
OG_002078	t1|AAI_000163	97.0	302	9	0	1	302	1	302	8.81e-194	531	302	303
OG_002079	t1|AAI_000164	96.9	254	8	0	1	254	1	254	5.49e-189	514	254	255
