OG_002043	t29|ABE_000161	90.9	219	20	0	333	551	1	219	2.20e-132	384	603	220
OG_002043	t29|ABE_000163	92.1	164	13	0	1	164	1	164	1.55e-99	297	603	165
OG_002043	t29|ABE_000162	90.2	153	15	0	169	321	1	153	2.79e-83	255	603	154
OG_002044	t29|ABE_000208	24.6	333	215	11	1	312	1	318	2.78e-18	81.6	321	343
OG_002045	t29|ABE_000164	94.1	254	15	0	198	451	1	254	3.79e-149	423	473	255
OG_002046	t29|ABE_000165	88.2	127	15	0	1	127	1	127	1.94e-76	228	323	139
OG_002047	t29|ABE_000166	94.3	192	11	0	62	253	3	194	7.49e-137	381	274	195
OG_002048	t29|ABE_000168	91.0	245	22	0	1	245	1	245	6.43e-150	425	475	262
OG_002048	t29|ABE_000167	86.8	182	24	0	294	475	1	182	1.28e-98	291	475	183
OG_002049	t29|ABE_000169	90.4	324	31	0	1	324	1	324	5.84e-210	573	324	325
OG_002049	t29|ABE_000193	29.5	220	135	10	2	212	180	388	3.28e-17	79.7	324	678
OG_002049	t29|ABE_000194	44.3	97	51	3	2	95	221	317	4.47e-17	79.3	324	699
OG_002050	t29|ABE_000170	90.4	250	24	0	103	352	1	250	4.22e-160	446	352	251
OG_002050	t29|ABE_000171	90.0	60	6	0	1	60	1	60	2.43e-31	110	352	61
OG_002050	t29|ABE_000208	22.9	332	226	11	28	345	2	317	6.27e-17	78.2	352	343
OG_002051	t29|ABE_000172	94.0	234	14	0	1	234	1	234	1.09e-160	441	234	235
OG_002052	t29|ABE_000198	90.7	387	36	0	1	387	1	387	7.17e-260	705	392	388
OG_002052	t29|ABE_000174	86.6	164	22	0	114	277	1	164	9.04e-98	286	392	165
OG_002052	t29|ABE_000175	90.1	101	10	0	292	392	1	101	5.40e-58	182	392	102
OG_002052	t29|ABE_000173	90.7	86	8	0	1	86	1	86	1.52e-49	159	392	87
OG_002052	t29|ABE_000200	26.4	254	184	3	6	257	10	262	3.35e-34	125	392	271
OG_002053	t29|ABE_000177	92.8	207	15	0	504	710	1	207	1.39e-130	387	893	208
OG_002053	t29|ABE_000179	96.3	160	6	0	138	297	1	160	3.64e-97	298	893	162
OG_002053	t29|ABE_000178	90.0	150	15	0	344	493	1	150	4.91e-90	279	893	151
OG_002053	t29|ABE_000176	94.7	133	7	0	761	893	1	133	5.09e-81	254	893	134
OG_002054	t29|ABE_000182	90.5	158	15	0	84	241	1	158	1.39e-107	306	282	159
OG_002054	t29|ABE_000183	88.9	72	8	0	1	72	1	72	1.95e-42	137	282	73
OG_002054	t29|ABE_000181	100	30	0	0	253	282	1	30	6.85e-15	64.7	282	31
OG_002055	t29|ABE_000184	91.9	198	16	0	55	252	1	198	1.76e-128	359	252	199
OG_002055	t29|ABE_000169	31.2	189	119	5	6	186	4	189	2.36e-21	88.6	252	325
OG_002055	t29|ABE_000193	31.9	135	85	3	6	138	182	311	7.39e-14	68.2	252	678
OG_002056	t29|ABE_000185	94.8	193	10	0	273	465	1	193	1.46e-121	350	465	194
OG_002056	t29|ABE_000187	93.3	165	11	0	1	165	1	165	3.85e-96	284	465	166
OG_002056	t29|ABE_000186	86.9	61	8	0	203	263	1	61	8.25e-29	105	465	62
OG_002057	t29|ABE_000188	89.0	290	32	0	134	423	1	290	8.71e-183	508	433	291
OG_002057	t29|ABE_000189	94.0	116	7	0	1	116	1	116	1.20e-64	201	433	117
OG_002058	t29|ABE_000191	89.6	328	34	0	207	534	1	328	4.11e-200	562	656	329
OG_002058	t29|ABE_000190	89.6	115	12	0	542	656	1	115	2.48e-70	221	656	116
OG_002058	t29|ABE_000192	92.7	41	3	0	105	145	1	41	2.57e-21	84.7	656	42
OG_002059	t29|ABE_000193	91.0	677	61	0	1	677	1	677	0.0	1228	713	678
OG_002059	t29|ABE_000194	33.9	667	398	11	5	670	66	690	7.03e-116	362	713	699
OG_002059	t29|ABE_000169	31.8	217	134	10	180	388	2	212	1.20e-18	85.1	713	325
OG_002060	t29|ABE_000194	91.9	640	52	0	392	1031	59	698	0.0	1166	1047	699
OG_002060	t29|ABE_000193	33.8	662	378	13	399	1010	5	656	5.66e-103	335	1047	678
OG_002060	t29|ABE_000169	44.6	121	61	4	554	671	2	119	4.27e-20	90.1	1047	325
OG_002061	t29|ABE_000196	88.4	189	22	0	124	312	60	248	6.49e-112	325	405	249
OG_002061	t29|ABE_000195	92.1	89	7	0	317	405	3	91	1.50e-54	173	405	92
OG_002061	t29|ABE_000047	23.6	220	150	3	42	244	12	230	1.85e-16	77.4	405	347
OG_002062	t29|ABE_000196	91.9	62	5	0	1	62	1	62	1.56e-29	109	264	249
OG_002063	t29|ABE_000197	92.0	113	9	0	1	113	1	113	3.31e-60	177	113	114
OG_002066	t29|ABE_000200	93.3	270	18	0	1	270	1	270	2.88e-177	491	390	271
OG_002066	t29|ABE_000199	86.2	94	13	0	297	390	1	94	7.69e-52	166	390	95
OG_002066	t29|ABE_000198	24.9	381	270	7	10	387	6	373	4.94e-36	133	390	388
OG_002066	t29|ABE_000174	24.4	164	122	2	119	282	3	164	1.18e-15	71.6	390	165
OG_002067	t29|ABE_000202	89.7	145	15	0	1	145	1	145	2.65e-83	242	234	146
OG_002067	t29|ABE_000201	96.2	53	2	0	182	234	1	53	9.86e-30	103	234	54
OG_002068	t29|ABE_000203	86.6	67	9	0	55	121	2	68	4.20e-31	103	121	69
OG_002069	t29|ABE_000205	89.2	102	11	0	1	102	1	102	8.27e-60	181	241	103
OG_002069	t29|ABE_000204	86.8	106	14	0	136	241	1	106	1.76e-57	176	241	107
OG_002070	t29|ABE_000207	93.5	216	14	0	1	216	1	216	7.48e-146	405	280	217
OG_002070	t29|ABE_000206	97.8	46	1	0	235	280	1	46	9.51e-25	91.3	280	47
OG_002071	t29|ABE_000208	91.8	342	28	0	1	342	1	342	1.06e-237	645	342	343
OG_002072	t29|ABE_000209	91.6	190	16	0	1	190	150	339	4.97e-128	361	190	340
OG_002073	t29|ABE_000209	90.3	144	14	0	145	288	1	144	1.66e-83	252	288	340
OG_002073	t29|ABE_000210	93.4	121	8	0	1	121	1	121	1.38e-76	226	288	122
OG_002074	t29|ABE_000211	89.6	144	15	0	44	187	1	144	9.14e-94	269	237	145
OG_002075	t29|ABE_000212	89.2	74	8	0	152	225	1	74	3.82e-41	134	275	75
OG_002075	t29|ABE_000213	96.1	51	2	0	28	78	1	51	5.96e-31	107	275	52
OG_002076	t29|ABE_000214	92.7	260	19	0	1	260	1	260	6.79e-177	484	260	261
OG_002077	t29|ABE_000215	90.3	382	37	0	1	382	1	382	1.59e-227	623	382	383
OG_002078	t29|ABE_000217	89.5	172	18	0	1	172	1	172	7.11e-97	280	302	173
OG_002078	t29|ABE_000216	94.4	126	7	0	177	302	2	127	3.81e-71	213	302	128
OG_002079	t29|ABE_000218	88.7	141	16	0	114	254	3	143	1.50e-89	259	254	144
OG_002079	t29|ABE_000219	95.4	109	5	0	1	109	1	109	4.66e-76	223	254	110
