OG_35	html.2020//ISEf1	93.3	178	12	0	1	178	100	277	6.16e-118	337
OG_35	html.2020//ISEfm2	87.6	178	22	0	1	178	100	277	7.20e-112	322
OG_35	html.2020//ISLgar5	69.7	178	54	0	1	178	100	277	9.01e-91	268
OG_35	html.2020//ISEfa13	65.2	178	62	0	1	178	100	277	4.03e-85	253
OG_35	html.2020//ISSne1	63.5	178	65	0	1	178	100	277	9.33e-85	253
OG_35	html.2020//ISBame1	64.0	178	64	0	1	178	100	277	2.57e-84	251
OG_35	html.2020//IS1310	55.1	178	80	0	1	178	100	277	3.12e-68	210
OG_35	html.2020//IS1201	48.9	178	91	0	1	178	100	277	3.94e-61	191
OG_35	html.2020//ISLdl2	46.1	178	96	0	1	178	100	277	3.93e-60	189
OG_35	html.2020//IS1191	47.8	178	93	0	1	178	100	277	5.25e-57	181
OG_35	html.2020//IS905	47.8	178	93	0	1	178	100	277	7.40e-57	181
OG_35	html.2020//ISSdy3	46.6	178	95	0	1	178	111	288	2.69e-56	180
OG_35	html.2020//ISSag11	44.9	178	98	0	1	178	100	277	9.97e-54	173
OG_35	html.2020//IS654	38.2	178	110	0	1	178	92	269	5.04e-46	153
OG_35	html.2020//ISTth5	33.5	179	117	1	1	177	84	262	4.61e-35	124
OG_35	html.2020//ISRta2	33.1	175	116	1	5	178	122	296	2.89e-34	122
OG_35	html.2020//ISCni1	33.5	179	118	1	1	178	79	257	5.10e-34	121
OG_35	html.2020//IS1090	32.0	175	118	1	5	178	119	293	1.05e-33	121
OG_35	html.2020//IS1356	33.1	175	116	1	5	178	115	289	3.68e-33	119
OG_35	html.2020//ISRle12	34.9	175	113	1	5	178	105	279	1.19e-32	118
OG_35	html.2020//ISCbe6	35.2	179	115	1	1	178	107	285	1.31e-32	118
OG_35	html.2020//ISCARN45	33.7	175	115	1	5	178	126	300	4.34e-32	117
OG_35	html.2020//ISKol2	32.4	179	120	1	1	178	106	284	4.74e-32	116
OG_35	html.2020//ISNGR8	33.7	175	115	1	5	178	106	280	6.26e-32	116
OG_35	html.2020//ISRso7	30.9	175	120	1	5	178	119	293	7.70e-32	116
OG_44	html.2020//ISEf1	93.0	86	6	0	1	86	1	86	1.03e-51	164
OG_44	html.2020//ISEfm2	76.7	86	20	0	1	86	1	86	4.10e-43	141
OG_44	html.2020//ISLgar5	76.7	86	20	0	1	86	1	86	4.42e-43	141
OG_44	html.2020//ISSne1	70.9	86	25	0	1	86	1	86	1.10e-38	130
OG_44	html.2020//ISEfa13	71.8	85	24	0	1	85	1	85	1.99e-38	129
OG_44	html.2020//ISBame1	67.4	86	28	0	1	86	1	86	1.70e-36	124
OG_44	html.2020//IS1201	50.6	85	42	0	1	85	1	85	4.55e-27	99.0
OG_44	html.2020//IS905	52.9	85	40	0	1	85	1	85	1.10e-26	98.2
OG_44	html.2020//IS1191	52.9	85	40	0	1	85	1	85	1.53e-26	97.8
OG_44	html.2020//ISSag11	52.9	85	40	0	1	85	1	85	2.13e-26	97.4
OG_44	html.2020//ISSdy3	50.6	85	42	0	1	85	12	96	8.66e-26	95.9
OG_44	html.2020//ISLdl2	48.2	85	44	0	1	85	1	85	2.95e-25	94.4
OG_44	html.2020//ISTwi1	40.0	70	42	0	17	86	23	92	1.36e-13	62.0
OG_44	html.2020//ISCob1	35.2	71	46	0	16	86	23	93	3.10e-12	58.2
OG_44	html.2020//ISCbe6	35.2	71	46	0	16	86	23	93	4.24e-12	57.8
OG_44	html.2020//ISDet4	30.0	70	49	0	17	86	30	99	9.67e-11	53.9
OG_44	html.2020//ISCARN40	35.3	68	44	0	19	86	30	97	1.31e-10	53.5
OG_44	html.2020//ISXax1	35.8	67	43	0	19	85	30	96	1.80e-10	53.1
OG_44	html.2020//IS2606	35.8	67	42	1	21	86	59	125	1.82e-10	53.1
OG_44	html.2020//ISPa46	37.1	70	40	1	16	85	31	96	6.30e-10	51.6
OG_44	html.2020//ISCbo4	34.5	87	54	2	3	86	10	96	1.61e-09	50.4
OG_44	html.2020//ISPa1328	37.5	72	41	1	14	85	29	96	3.01e-09	49.7
OG_44	html.2020//ISCcl1	51.2	43	21	0	44	86	50	92	4.11e-09	49.3
OG_44	html.2020//ISCpe3	37.2	78	45	2	9	85	17	91	5.62e-09	48.9
OG_44	html.2020//ISLmo12	35.2	54	35	0	33	86	44	97	6.14e-07	43.1
OG_51	html.2020//ISEf1	97.1	69	2	0	1	69	1	69	6.46e-41	135
OG_51	html.2020//ISEfm2	81.2	69	13	0	1	69	1	69	3.47e-34	117
OG_51	html.2020//ISLgar5	81.2	69	13	0	1	69	1	69	3.67e-34	117
OG_51	html.2020//ISEfa13	72.5	69	19	0	1	69	1	69	7.35e-30	105
OG_51	html.2020//ISSne1	72.5	69	19	0	1	69	1	69	1.10e-28	102
OG_51	html.2020//ISBame1	69.6	69	21	0	1	69	1	69	5.64e-28	100
OG_51	html.2020//IS1310	59.4	69	28	0	1	69	1	69	2.48e-21	82.8
OG_51	html.2020//IS905	53.6	69	32	0	1	69	1	69	6.15e-20	79.0
OG_51	html.2020//IS1191	53.6	69	32	0	1	69	1	69	8.47e-20	78.6
OG_51	html.2020//ISSag11	53.6	69	32	0	1	69	1	69	1.17e-19	78.2
OG_51	html.2020//ISSdy3	49.3	69	35	0	1	69	12	80	2.12e-18	74.7
OG_51	html.2020//ISLdl2	49.3	69	35	0	1	69	1	69	7.37e-18	73.2
OG_18	html.2020//ISEf1	95.0	101	5	0	1	101	292	392	5.96e-63	193
OG_18	html.2020//ISEfm2	87.1	101	13	0	1	101	292	392	5.22e-58	181
OG_18	html.2020//ISEfa13	66.7	99	32	1	1	99	292	389	1.63e-40	135
OG_18	html.2020//ISLgar5	66.7	99	33	0	3	101	294	392	1.84e-40	135
OG_18	html.2020//ISBame1	65.3	98	34	0	2	99	293	390	4.12e-37	126
OG_18	html.2020//ISSne1	62.5	96	36	0	4	99	295	390	6.45e-35	120
OG_18	html.2020//IS1310	53.7	95	44	0	5	99	296	390	1.92e-30	108
OG_18	html.2020//IS905	56.1	98	43	0	2	99	293	390	5.28e-29	105
OG_18	html.2020//IS1191	56.1	98	43	0	2	99	293	390	7.35e-29	104
OG_18	html.2020//ISSag11	56.1	98	43	0	2	99	293	390	1.02e-28	104
OG_18	html.2020//ISSdy3	54.1	98	45	0	2	99	304	401	8.27e-28	102
OG_18	html.2020//ISHahy7	38.4	99	60	1	4	101	293	391	2.31e-16	70.5
OG_18	html.2020//IS1201	46.3	67	35	1	4	69	295	361	2.77e-12	58.9
OG_18	html.2020//ISCbo4	39.7	68	40	1	3	69	305	372	4.18e-10	52.8
OG_18	html.2020//ISXax1	36.5	63	39	1	4	65	306	368	2.71e-09	50.4
OG_18	html.2020//ISSod18	33.3	66	43	1	5	69	303	368	9.43e-09	48.9
OG_18	html.2020//ISPa46	33.3	63	32	1	3	65	316	368	1.29e-08	48.5
OG_18	html.2020//ISCARN40	30.8	78	53	1	4	80	283	360	6.08e-08	46.6
OG_18	html.2020//ISPa1328	36.5	63	39	1	4	65	306	368	6.13e-08	46.6
OG_18	html.2020//ISBli19	33.8	68	42	2	4	69	322	388	7.50e-07	43.5
OG_18	html.2020//IS1113	33.8	71	43	2	4	73	290	357	8.93e-06	40.4
OG_18	html.2020//ISMlu11	27.7	65	46	1	23	86	341	405	3.81e-04	35.8
OG_18	html.2020//ISAar6	40.0	35	21	0	25	59	355	389	3.82e-04	35.8
OG_108	html.2020//IS256	88.3	94	11	0	1	94	297	390	3.49e-52	165
OG_108	html.2020//ISEnfa4	86.2	94	13	0	1	94	297	390	4.64e-49	157
OG_108	html.2020//IS1542	76.1	92	22	0	1	92	297	388	5.91e-42	139
OG_108	html.2020//IS16	40.9	93	54	1	1	92	298	390	1.04e-17	73.9
OG_108	html.2020//ISPeth3	40.9	88	50	2	8	94	302	388	2.49e-13	61.6
OG_108	html.2020//ISCARN55	42.9	70	39	1	14	82	305	374	8.69e-13	60.1
OG_108	html.2020//ISCARN59	45.1	71	38	1	13	82	302	372	1.62e-12	59.3
OG_108	html.2020//ISAli6	40.5	74	43	1	10	82	297	370	1.97e-11	56.2
OG_108	html.2020//ISRhru4	39.5	76	45	1	8	82	296	371	1.97e-11	56.2
OG_108	html.2020//ISSpma2	45.1	71	38	1	13	82	300	370	2.70e-11	55.8
OG_108	html.2020//IS1553	36.4	77	48	1	18	93	312	388	2.70e-11	55.8
OG_108	html.2020//ISCARN61	36.4	88	54	2	1	87	289	375	1.28e-10	53.9
OG_108	html.2020//ISMbu6	37.8	82	50	1	7	87	287	368	2.37e-10	53.1
OG_108	html.2020//ISPebe1	38.6	83	49	2	1	82	289	370	2.40e-10	53.1
OG_108	html.2020//ISMtsp13	36.8	76	47	1	8	82	295	370	3.28e-10	52.8
OG_108	html.2020//ISDha1	36.5	85	52	2	8	91	299	382	8.35e-10	51.6
OG_108	html.2020//ISCARN27	40.0	60	36	0	28	87	321	380	1.14e-09	51.2
OG_108	html.2020//ISEae1	36.6	71	44	1	18	87	305	375	1.56e-09	50.8
OG_108	html.2020//ISCARN47	34.1	88	56	2	1	87	289	375	2.91e-09	50.1
OG_108	html.2020//ISRm5	43.4	53	30	0	35	87	327	379	3.98e-09	49.7
OG_108	html.2020//ISMex14	42.4	66	37	1	18	82	305	370	3.98e-09	49.7
OG_108	html.2020//ISKol5	32.9	79	49	2	10	87	293	368	5.39e-09	49.3
OG_108	html.2020//ISCth5	38.0	71	43	1	13	82	305	375	5.45e-09	49.3
OG_108	html.2020//ISPa103	34.1	88	56	2	1	87	289	375	1.02e-08	48.5
OG_108	html.2020//ISPso1	33.0	88	57	2	1	87	289	375	1.02e-08	48.5
OG_110	html.2020//IS256	92.5	40	3	0	1	40	1	40	2.23e-18	73.2
OG_110	html.2020//ISEnfa4	92.5	40	3	0	1	40	1	40	2.23e-18	73.2
OG_110	html.2020//IS1542	82.5	40	7	0	1	40	1	40	1.88e-16	67.8
OG_146	html.2020//ISEf1	73.3	45	12	0	1	45	233	277	3.08e-16	67.4
OG_146	html.2020//ISEfm2	71.1	45	13	0	1	45	233	277	4.23e-16	67.0
OG_146	html.2020//ISLgar5	60.0	45	18	0	1	45	233	277	2.28e-13	59.3
OG_146	html.2020//ISSne1	45.8	48	23	1	1	45	230	277	1.33e-08	45.8
OG_63	html.2020//ISEf1	100	387	0	0	1	387	1	387	1.65e-285	770
OG_63	html.2020//ISEfm2	90.4	387	37	0	1	387	1	387	2.41e-262	712
OG_63	html.2020//ISLgar5	75.4	386	95	0	1	386	1	386	4.79e-217	597
OG_63	html.2020//ISEfa13	72.0	386	107	1	1	386	1	385	4.32e-209	577
OG_63	html.2020//ISSne1	66.9	387	128	0	1	387	1	387	1.04e-194	541
OG_63	html.2020//ISBame1	68.0	381	122	0	1	381	1	381	8.17e-194	538
OG_63	html.2020//IS1310	57.3	386	165	0	1	386	1	386	2.91e-160	453
OG_63	html.2020//IS1191	52.3	386	184	0	1	386	1	386	3.79e-141	405
OG_63	html.2020//ISSdy3	51.0	386	189	0	1	386	12	397	5.50e-141	405
OG_63	html.2020//IS905	52.3	386	184	0	1	386	1	386	7.61e-141	404
OG_63	html.2020//ISSag11	50.5	386	191	0	1	386	1	386	3.30e-137	395
OG_63	html.2020//ISLdl2	48.6	387	198	1	1	386	1	387	1.28e-134	388
OG_63	html.2020//IS1201	50.4	361	178	1	1	360	1	361	1.18e-129	375
OG_63	html.2020//ISHahy7	43.3	372	209	2	17	386	14	385	2.23e-104	311
OG_63	html.2020//IS654	35.3	374	235	3	15	386	11	379	2.25e-86	265
OG_63	html.2020//ISCbe6	36.4	374	235	3	16	387	23	395	5.06e-80	249
OG_63	html.2020//ISCob1	36.8	361	226	2	16	374	23	383	3.13e-78	244
OG_63	html.2020//ISTwi1	34.9	373	240	3	17	387	23	394	2.58e-76	239
OG_63	html.2020//ISDet4	33.2	352	232	3	17	365	30	381	3.38e-72	229
OG_63	html.2020//ISXax1	33.6	339	224	1	19	356	30	368	5.86e-72	228
OG_63	html.2020//ISCcl1	35.9	348	220	3	42	387	48	394	4.63e-70	223
OG_63	html.2020//ISSod18	32.2	348	230	3	15	360	25	368	1.34e-68	219
OG_63	html.2020//ISPa46	33.0	342	224	2	16	356	31	368	8.47e-68	218
OG_63	html.2020//ISPa1328	33.1	344	225	2	14	356	29	368	1.19e-67	217
OG_63	html.2020//ISTth5	29.7	390	254	5	1	386	1	374	7.07e-67	214
OG_77	html.2020//IS256	99.0	390	4	0	1	390	1	390	2.63e-280	757
OG_77	html.2020//ISEnfa4	91.8	390	32	0	1	390	1	390	2.31e-258	702
OG_77	html.2020//IS1542	86.7	390	52	0	1	390	1	390	1.45e-245	669
OG_77	html.2020//IS16	58.1	391	162	2	1	389	1	391	2.02e-157	446
OG_77	html.2020//ISPeth3	45.1	388	209	3	1	387	1	385	4.17e-112	332
OG_77	html.2020//ISCARN59	43.5	372	203	3	12	378	3	372	4.13e-97	293
OG_77	html.2020//ISCARN55	43.6	369	200	6	20	386	18	380	3.33e-93	283
OG_77	html.2020//ISCARN27	40.8	365	211	4	24	387	23	383	1.62e-89	273
OG_77	html.2020//ISRm5	40.1	367	215	4	24	389	22	384	4.43e-86	265
OG_77	html.2020//ISCARN68	38.8	369	220	4	23	390	21	384	4.82e-85	262
OG_77	html.2020//ISKol5	38.4	362	213	4	27	387	19	371	7.69e-84	258
OG_77	html.2020//ISCth5	39.9	376	220	4	13	385	10	382	5.53e-83	257
OG_77	html.2020//ISTsu1	41.6	363	208	4	24	385	23	382	2.68e-82	255
OG_77	html.2020//ISMma16	35.8	386	231	6	7	383	9	386	3.18e-78	244
OG_77	html.2020//ISMbu6	39.5	372	211	5	16	383	7	368	3.76e-78	243
OG_77	html.2020//IS1245	37.4	358	220	3	32	387	30	385	4.59e-76	239
OG_77	html.2020//ISFac7	36.9	382	224	6	14	390	10	379	1.69e-75	237
OG_77	html.2020//ISDha1	41.9	322	182	4	67	387	65	382	2.51e-75	237
OG_77	html.2020//IS1311	37.4	366	225	3	24	387	36	399	2.73e-75	238
OG_77	html.2020//ISEae1	37.2	366	217	5	23	383	18	375	3.95e-75	236
OG_77	html.2020//ISSpma2	38.7	367	220	5	13	378	8	370	6.68e-74	233
OG_77	html.2020//ISPebe1	36.1	385	241	5	6	389	1	381	8.43e-74	233
OG_77	html.2020//ISMco4	34.7	369	223	5	27	390	19	374	6.35e-73	230
OG_77	html.2020//ISMex14	39.7	353	208	4	27	378	22	370	6.98e-73	231
OG_77	html.2020//ISAli7	35.6	379	239	4	6	383	1	375	1.38e-72	230
OG_34	html.2020//ISEf1	82.8	64	11	0	1	64	1	64	1.64e-30	107
OG_34	html.2020//ISEfm2	70.3	64	19	0	1	64	1	64	3.25e-26	95.9
OG_34	html.2020//ISLgar5	70.3	64	19	0	1	64	1	64	3.36e-26	95.9
OG_34	html.2020//ISEfa13	64.1	64	23	0	1	64	1	64	3.98e-22	84.7
OG_34	html.2020//ISSne1	62.5	64	24	0	1	64	1	64	1.41e-20	80.5
OG_34	html.2020//ISBame1	57.8	64	27	0	1	64	1	64	1.32e-19	77.8
OG_34	html.2020//IS2606	34.9	63	37	1	3	61	37	99	1.46e-04	35.4
OG_136	html.2020//ISEf1	94.2	69	4	0	1	69	1	69	9.68e-40	132
OG_136	html.2020//ISEfm2	79.7	69	14	0	1	69	1	69	3.61e-33	114
OG_136	html.2020//ISLgar5	79.7	69	14	0	1	69	1	69	3.81e-33	114
OG_136	html.2020//ISEfa13	71.0	69	20	0	1	69	1	69	3.85e-29	103
OG_136	html.2020//ISSne1	72.5	69	19	0	1	69	1	69	2.12e-28	102
OG_136	html.2020//ISBame1	69.6	69	21	0	1	69	1	69	1.09e-27	100
OG_136	html.2020//IS905	53.6	69	32	0	1	69	1	69	4.47e-20	79.3
OG_136	html.2020//IS1191	53.6	69	32	0	1	69	1	69	6.15e-20	79.0
OG_136	html.2020//ISSag11	53.6	69	32	0	1	69	1	69	8.47e-20	78.6
OG_136	html.2020//ISSdy3	49.3	69	35	0	1	69	12	80	1.55e-18	75.1
OG_136	html.2020//ISLdl2	49.3	69	35	0	1	69	1	69	7.37e-18	73.2
