OG_153	VIMSS356333	100	42	0	0	6	47	339	380	1.18e-21	89.0
OG_153	WP_002364384.1	97.6	42	1	0	6	47	339	380	7.66e-21	86.7
OG_153	WP_058463750.1	64.3	42	15	0	6	47	293	334	1.04e-12	63.5
OG_153	VIMSS1206030	57.1	42	18	0	6	47	397	438	1.38e-09	54.7
OG_153	VIMSS334087	54.8	42	19	0	6	47	1184	1225	1.38e-09	54.7
OG_153	VIMSS6365506	55.6	45	20	0	3	47	332	376	2.58e-09	53.9
OG_153	WP_015087877.1	54.8	42	19	0	6	47	382	423	2.59e-09	53.9
OG_153	VIMSS10133934	51.2	41	20	0	6	46	525	565	1.69e-08	51.6
OG_153	WP_060708698.1	52.4	42	20	0	6	47	312	353	3.17e-08	50.8
OG_153	WP_095597216.1	52.4	42	20	0	6	47	432	473	3.17e-08	50.8
OG_153	WP_057107652.1	54.8	42	19	0	6	47	432	473	5.94e-08	50.1
OG_121	VIMSS356315	90.7	43	4	0	3	45	165	207	1.18e-19	82.0
OG_121	VIMSS1867980	51.2	43	20	1	3	45	167	208	1.90e-04	40.0
OG_112	VIMSS356333	95.2	230	11	0	1	230	1	230	2.61e-148	433
OG_112	WP_002364384.1	94.8	230	12	0	1	230	1	230	3.70e-148	432
OG_112	WP_002356902.1	33.3	225	130	5	5	229	399	603	4.23e-27	112
OG_112	VIMSS356334	33.3	225	130	5	5	229	399	603	4.23e-27	112
OG_112	WP_058463750.1	46.2	93	42	2	146	230	92	184	1.88e-17	84.7
OG_112	WP_149113283.1	42.9	77	42	1	147	221	155	231	1.39e-13	73.6
OG_112	WP_060708698.1	45.0	80	41	2	153	229	123	202	2.87e-11	66.6
OG_112	VIMSS6365506	40.5	79	44	1	154	229	147	225	7.13e-11	65.5
OG_112	VIMSS334087	36.8	95	57	1	138	229	980	1074	2.70e-10	63.9
OG_112	WP_015452749.1	39.3	61	37	0	169	229	56	116	5.60e-10	62.8
OG_112	WP_227028673.1	29.5	146	83	5	102	229	117	260	9.44e-08	56.2
OG_112	VIMSS47013	52.3	44	20	1	181	224	3	45	1.34e-07	55.5
OG_112	VIMSS10133934	52.0	50	24	0	180	229	366	415	1.77e-07	55.5
OG_112	VIMSS10456681	57.8	45	18	1	180	224	2	45	5.40e-07	53.5
OG_112	VIMSS47015	51.2	43	20	1	182	224	4	45	5.95e-07	53.5
OG_112	Q832Q0	60.0	45	17	1	180	224	2	45	7.05e-07	53.1
OG_112	WP_024271667.1	53.3	45	20	1	182	226	6	49	8.99e-07	49.7
OG_112	WP_002356915.1	56.8	44	18	1	181	224	3	45	9.56e-07	52.8
OG_112	VIMSS7623788	54.5	44	19	1	181	224	3	45	1.31e-06	52.4
OG_112	F8V3X0	54.5	44	19	1	181	224	3	45	1.31e-06	52.4
OG_112	VIMSS157314	43.1	51	28	1	178	228	1	50	1.74e-06	52.0
OG_112	VIMSS2127793	53.3	45	20	1	180	224	2	45	1.83e-06	50.8
OG_112	VIMSS47310	48.8	43	21	1	182	224	4	45	6.53e-06	50.4
OG_112	Q5M6M5	48.8	43	21	1	182	224	4	45	7.14e-06	50.4
OG_112	WP_002855703.1	48.8	43	21	1	182	224	4	45	7.47e-06	50.4
OG_2	VIMSS356325	100	39	0	0	1	39	196	234	2.45e-19	79.7
OG_2	metacyc::MONOMER-17174	47.1	34	18	0	1	34	197	230	6.90e-04	38.1
OG_72	VIMSS356335	96.0	405	16	0	1	405	1	405	3.55e-283	771
OG_72	VIMSS259453	35.5	397	253	1	2	398	12	405	5.71e-85	268
OG_72	VIMSS3803686	54.7	236	107	0	3	238	4	239	1.61e-84	268
OG_72	WP_058463748.1	47.3	241	127	0	2	242	3	243	8.94e-71	232
OG_72	VIMSS5925488	44.7	253	140	0	2	254	3	255	7.13e-70	230
OG_72	WP_005741031.1	46.3	257	138	0	2	258	3	259	2.94e-68	226
OG_72	VIMSS1174799	45.8	238	128	1	5	242	4	240	1.47e-67	224
OG_72	biolip::8dkuA	35.4	370	203	7	5	360	1	348	3.33e-66	219
OG_72	WP_001108294.1	41.6	257	145	3	4	259	3	255	6.55e-66	223
OG_72	VIMSS367216	35.8	400	214	8	2	359	6	404	1.42e-65	219
OG_72	VIMSS5593439	46.9	241	126	1	2	242	3	241	3.02e-64	216
OG_72	VIMSS6365505	44.9	254	122	2	2	238	5	257	4.35e-64	216
OG_72	VIMSS334088	44.7	246	128	1	5	242	7	252	4.57e-64	215
OG_72	Q07698	44.6	242	132	1	1	242	1	240	7.59e-64	210
OG_72	VIMSS1849208	44.9	247	122	2	5	238	3	248	3.25e-63	213
OG_72	VIMSS742645	44.9	247	122	2	5	238	7	252	3.57e-63	213
OG_72	VIMSS6365502	51.2	217	105	1	22	238	40	255	8.35e-63	212
OG_72	VIMSS248621	36.2	334	193	4	3	325	8	332	1.19e-62	211
OG_72	VIMSS57837	47.0	234	121	1	5	238	10	240	1.71e-62	210
OG_72	ENA::AAC98415.1	39.3	242	143	1	5	242	4	245	2.02e-62	204
OG_72	VIMSS4518607	45.6	261	130	4	39	298	1	250	2.22e-62	210
OG_72	VIMSS4518605	52.5	200	94	1	39	238	1	199	5.61e-62	208
OG_72	VIMSS1756023	35.6	329	199	2	39	355	48	375	9.65e-62	209
OG_72	TCDB::Q50863	35.6	329	199	2	39	355	48	375	9.65e-62	209
OG_72	CharProtDB::CH_000689	38.1	244	147	1	3	242	2	245	4.46e-61	201
OG_67	WP_002356909.1	99.1	465	4	0	1	465	1	465	3.98e-317	862
OG_67	WP_002359907.1	97.0	463	14	0	1	463	1	463	2.34e-307	837
OG_67	WP_002289073.1	68.2	446	142	0	1	446	1	446	4.44e-209	588
OG_67	WP_005687210.1	58.6	449	186	0	1	449	1	449	2.22e-188	536
OG_67	VIMSS612097	51.5	447	217	0	4	450	3	449	1.67e-154	450
OG_67	VIMSS66231	53.8	171	78	1	274	443	17	187	1.82e-55	187
OG_67	VIMSS2093220	32.1	343	221	4	101	437	99	435	9.75e-50	179
OG_67	VIMSS1244959	32.4	343	220	4	101	437	99	435	7.09e-49	177
OG_67	VIMSS7019928	47.3	184	94	1	252	432	270	453	1.29e-48	176
OG_67	VIMSS10349546	32.1	343	221	4	101	437	99	435	2.66e-48	176
OG_67	BRENDA::Q7BG44	45.1	213	115	2	220	430	249	461	8.22e-48	174
OG_67	WP_011101302.1	45.1	182	100	0	252	433	37	218	4.17e-47	166
OG_67	VIMSS1754366	45.4	207	111	2	224	429	248	453	9.99e-47	171
OG_67	VIMSS1271035	47.5	183	93	1	253	432	270	452	1.79e-46	171
OG_67	VIMSS1145609	50.0	182	87	2	254	432	287	467	1.99e-46	171
OG_67	WP_072729001.1	45.1	206	111	2	227	430	253	458	4.02e-46	170
OG_67	WP_032126221.1	33.4	341	200	6	115	430	118	456	7.47e-46	169
OG_67	VIMSS5551790	47.8	182	92	1	254	432	280	461	1.52e-45	168
OG_67	WP_151095105.1	48.1	189	94	2	254	438	273	461	1.85e-45	168
OG_67	VIMSS367113	45.0	191	102	1	253	440	239	429	6.95e-45	166
OG_67	WP_029257822.1	39.4	216	127	1	229	440	4	219	2.93e-44	158
OG_67	B3FN88	48.4	192	95	2	252	440	233	423	4.44e-44	163
OG_67	WP_114807296.1	45.3	181	99	0	254	434	33	213	8.01e-44	157
OG_67	F9UQ51	42.0	188	109	0	253	440	34	221	4.54e-43	155
OG_67	VIMSS330976	42.0	188	109	0	253	440	36	223	4.81e-43	155
OG_82	VIMSS356345	98.0	342	7	0	1	342	1	342	2.54e-251	685
OG_82	WP_002356894.1	97.7	342	8	0	1	342	1	342	1.04e-250	684
OG_82	WP_011285494.1	81.0	337	64	0	2	338	3	339	1.96e-208	577
OG_82	VIMSS2015454	81.0	337	64	0	2	338	3	339	2.78e-208	577
OG_82	WP_002884100.1	80.4	337	66	0	2	338	5	341	2.01e-206	572
OG_82	WP_002947383.1	79.8	337	68	0	2	338	5	341	1.16e-205	570
OG_82	biolip::1kerB	79.2	337	70	0	2	338	4	340	6.46e-205	568
OG_82	WP_012000428.1	79.8	337	68	0	2	338	5	341	6.70e-205	568
OG_82	VIMSS7781015	78.9	337	71	0	2	338	5	341	1.92e-204	567
OG_82	WP_003002700.1	79.5	337	69	0	2	338	5	341	1.92e-204	567
OG_82	SwissProt::P95780	79.5	337	69	0	2	338	5	341	2.72e-204	566
OG_82	WP_024531966.1	79.2	337	70	0	2	338	5	341	1.57e-203	565
OG_82	WP_000141499.1	78.6	337	72	0	2	338	5	341	5.44e-202	561
OG_82	ENA::AAC44971.1	78.6	337	72	0	2	338	5	341	7.72e-202	560
OG_82	WP_016386644.1	71.2	340	98	0	3	342	2	341	4.81e-187	523
OG_82	WP_014569852.1	71.2	340	98	0	3	342	2	341	6.83e-187	522
OG_82	VIMSS5793846	71.2	340	98	0	3	342	2	341	7.94e-186	520
OG_82	VIMSS2125660	72.9	339	91	1	2	339	5	343	3.66e-184	516
OG_82	WP_011743790.1	67.2	341	103	2	2	342	9	340	3.62e-170	480
OG_82	VIMSS280489	67.6	339	101	2	4	342	18	347	5.40e-169	477
OG_82	VIMSS10179413	67.4	337	101	2	6	342	1	328	1.83e-167	473
OG_82	WP_008783180.1	66.9	341	104	2	2	342	9	340	1.08e-164	466
OG_82	WP_041473656.1	66.0	341	107	2	2	342	9	340	1.54e-164	466
OG_82	WP_041080263.1	65.4	341	109	2	2	342	9	340	4.17e-162	459
OG_82	WP_013389372.1	66.0	341	107	2	2	342	9	340	5.91e-162	459
OG_107	VIMSS356335	82.2	45	8	0	1	45	124	168	9.14e-16	72.0
OG_107	VIMSS3803686	55.6	45	20	0	1	45	125	169	5.42e-08	50.1
OG_107	VIMSS6365502	53.3	45	21	0	1	45	142	186	7.41e-08	49.7
OG_107	VIMSS5593439	53.5	43	20	0	3	45	125	167	6.66e-07	47.0
OG_107	VIMSS57837	46.7	45	24	0	1	45	126	170	1.25e-06	46.2
OG_107	VIMSS259453	42.2	45	26	0	1	45	134	178	4.38e-06	44.7
OG_107	VIMSS5925488	42.2	45	26	0	1	45	125	169	2.11e-05	42.7
OG_71	VIMSS356334	97.9	829	17	0	1	829	219	1047	0.0	1613
OG_71	WP_002356902.1	97.6	829	20	0	1	829	219	1047	0.0	1611
OG_71	VIMSS356333	35.9	696	395	12	181	826	5	699	1.26e-128	405
OG_71	WP_002364384.1	35.8	696	396	12	181	826	5	699	9.68e-128	402
OG_71	WP_004844496.1	38.7	504	285	7	310	792	257	757	1.84e-94	317
OG_71	WP_060708698.1	34.8	543	310	11	320	826	137	671	3.95e-86	292
OG_71	VIMSS6365506	34.7	531	316	9	326	826	166	695	9.14e-86	291
OG_71	WP_095597216.1	34.9	524	305	11	336	826	273	793	1.43e-84	290
OG_71	WP_057107652.1	34.4	544	308	12	321	826	261	793	3.79e-84	289
OG_71	WP_227028673.1	34.5	537	313	11	324	826	199	730	4.10e-81	280
OG_71	WP_149113283.1	35.3	516	306	9	319	826	173	668	4.15e-80	283
OG_71	WP_015087877.1	34.1	537	315	12	324	826	211	742	3.17e-77	270
OG_71	WP_058463750.1	32.7	547	317	16	320	826	118	653	6.09e-77	266
OG_71	VIMSS10133934	32.7	535	316	11	329	826	359	886	2.81e-75	267
OG_71	WP_015452749.1	33.5	514	302	12	318	796	49	557	5.25e-75	260
OG_71	VIMSS334087	35.4	480	283	10	336	792	1025	1500	6.55e-72	262
OG_71	VIMSS1206030	31.6	484	302	9	336	792	238	719	5.12e-70	250
OG_71	VIMSS259451	32.3	477	296	10	338	792	87	558	2.73e-56	208
OG_71	VIMSS3008237	39.5	261	148	8	332	586	677	933	2.24e-39	161
OG_71	Q832Q0	46.7	105	52	4	336	440	2	102	9.91e-18	89.4
OG_71	WP_173940362.1	33.0	209	130	7	338	541	2	205	2.03e-17	88.2
OG_71	BRENDA::D0QYM5	27.5	233	161	7	315	544	418	645	6.00e-16	87.0
OG_71	WP_003422862.1	37.0	135	80	4	338	471	6	136	3.92e-15	80.1
OG_71	Q8L0V4	25.9	243	164	6	293	534	400	627	4.14e-15	84.0
OG_71	biolip::2z86C	25.8	240	162	6	296	534	324	548	8.19e-15	82.8
OG_46	VIMSS356328	93.8	80	5	0	1	80	84	163	4.53e-49	159
OG_46	VIMSS134109	52.0	75	36	0	6	80	86	160	6.14e-22	89.4
OG_35	VIMSS356326	93.3	178	12	0	1	178	100	277	7.92e-116	337
OG_35	VIMSS112437	69.1	178	55	0	1	178	100	277	6.60e-88	266
OG_35	WP_038702803.1	65.2	178	62	0	1	178	100	277	4.11e-83	254
OG_35	P35880	48.9	178	91	0	1	178	100	277	5.06e-59	191
OG_35	WP_014562705.1	48.9	178	90	1	1	177	104	281	1.20e-56	186
OG_35	WP_205841307.1	48.9	178	90	1	1	177	104	281	1.20e-56	186
OG_35	WP_014621681.1	48.3	178	92	0	1	178	100	277	3.14e-56	185
OG_35	WP_114807077.1	48.3	178	91	1	1	177	104	281	2.65e-55	182
OG_35	P35881	47.8	178	93	0	1	178	100	277	9.52e-55	181
OG_35	VIMSS275100	44.4	178	99	0	1	178	100	277	1.99e-50	170
OG_35	VIMSS1074310	33.7	175	115	1	5	178	123	297	2.71e-31	120
OG_35	VIMSS5924605	33.1	175	116	1	5	178	123	297	5.26e-31	119
OG_35	VIMSS1074960	32.0	175	118	1	5	178	125	299	1.48e-29	115
OG_35	P80011	32.0	175	118	1	5	178	106	280	1.13e-28	113
OG_35	VIMSS879649	32.6	175	117	1	5	178	122	296	1.98e-28	112
OG_35	VIMSS369637	29.6	179	121	1	5	178	29	207	3.98e-28	110
OG_35	VIMSS876986	32.0	175	118	1	5	178	122	296	3.78e-27	109
OG_35	VIMSS369375	29.6	179	121	1	5	178	116	294	5.25e-27	108
OG_35	VIMSS1801377	29.7	175	122	1	5	178	110	284	1.21e-25	105
OG_35	VIMSS369461	29.4	160	108	1	5	159	116	275	1.85e-24	102
OG_41	WP_002356900.1	93.7	63	4	0	1	63	1	63	7.76e-31	112
OG_41	VIMSS3803685	44.2	52	29	0	11	62	9	60	1.97e-08	52.8
OG_41	VIMSS1801001	37.3	67	39	1	3	66	2	68	4.47e-06	46.2
OG_41	VIMSS6365504	37.7	53	33	0	11	63	71	123	1.49e-04	42.0
OG_109	VIMSS356317	91.9	37	3	0	1	37	567	603	3.97e-14	67.0
OG_7	VIMSS356331	95.0	101	5	0	1	101	132	232	9.97e-58	186
OG_7	WP_002356908.1	95.0	101	5	0	1	101	132	232	9.97e-58	186
OG_7	WP_002362923.1	94.1	101	6	0	1	101	132	232	3.93e-57	185
OG_151	VIMSS356333	93.9	33	2	0	1	33	681	713	1.63e-16	73.6
OG_151	WP_002364384.1	93.9	33	2	0	1	33	681	713	1.63e-16	73.6
OG_44	VIMSS356326	93.0	86	6	0	1	86	1	86	1.33e-49	164
OG_44	VIMSS112437	76.7	86	20	0	1	86	1	86	5.68e-41	141
OG_44	WP_038702803.1	67.1	85	28	0	1	85	1	85	5.98e-34	123
OG_44	P35880	50.6	85	42	0	1	85	1	85	5.85e-25	99.0
OG_44	P35881	52.9	85	40	0	1	85	1	85	1.42e-24	98.2
OG_44	WP_014621681.1	52.9	85	40	0	1	85	1	85	1.99e-24	97.8
OG_44	VIMSS275100	52.9	85	40	0	1	85	1	85	2.74e-24	97.4
OG_44	WP_114807077.1	43.3	90	47	2	1	86	1	90	2.34e-14	70.1
OG_44	WP_014562705.1	43.3	90	47	2	1	86	1	90	2.34e-14	70.1
OG_44	WP_205841307.1	43.3	90	47	2	1	86	1	90	2.34e-14	70.1
OG_44	VIMSS846360	30.0	70	49	0	17	86	30	99	1.24e-08	53.9
OG_44	VIMSS1180646	35.8	67	43	0	19	85	30	96	2.32e-08	53.1
OG_44	WP_090585016.1	42.9	70	36	1	16	85	49	114	1.53e-07	50.8
OG_44	VIMSS1801377	37.2	78	45	2	9	85	17	91	7.22e-07	48.9
OG_85	VIMSS356347	98.3	288	5	0	1	288	1	288	3.28e-204	561
OG_85	VIMSS4040678	81.1	285	54	0	1	285	1	285	1.22e-167	469
OG_85	VIMSS7781018	78.1	288	63	0	1	288	1	288	4.70e-163	457
OG_85	WP_002883992.1	78.5	288	62	0	1	288	1	288	6.67e-163	457
OG_85	WP_012000426.1	78.5	288	62	0	1	288	1	288	1.35e-162	456
OG_85	ENA::AAC44969.1	77.1	288	66	0	1	288	1	288	3.85e-162	455
OG_85	VIMSS2017272	77.1	288	66	0	1	288	1	288	3.16e-161	453
OG_85	WP_011226150.1	77.1	288	66	0	1	288	1	288	2.59e-160	451
OG_85	biolip::4ho9A	76.9	286	66	0	1	286	1	286	4.40e-160	450
OG_85	WP_000676145.1	76.7	288	67	0	1	288	1	288	7.41e-160	449
OG_85	P95778	77.4	288	65	0	1	288	1	288	1.49e-159	449
OG_85	VIMSS101271	76.0	288	69	0	1	288	1	288	2.87e-157	443
OG_85	WP_014569835.1	72.6	288	79	0	1	288	1	288	2.44e-156	441
OG_85	VIMSS1868321	72.6	288	79	0	1	288	1	288	4.92e-156	440
OG_85	metacyc::MONOMER-17004	75.5	286	70	0	1	286	1	286	3.42e-155	438
OG_85	VIMSS298042	78.9	275	58	0	1	275	1	275	6.55e-155	437
OG_85	WP_012491798.1	71.9	288	81	0	1	288	1	288	1.15e-154	436
OG_85	P55254	72.2	284	79	0	2	285	5	288	6.48e-150	424
OG_85	WP_000857525.1	72.2	284	79	0	2	285	5	288	1.85e-149	423
OG_85	VIMSS3065018	71.9	288	81	0	1	288	1	288	7.27e-149	422
OG_85	WP_000857529.1	71.1	284	82	0	2	285	5	288	2.15e-148	421
OG_85	VIMSS3565248	72.1	287	80	0	2	288	5	291	2.15e-148	421
OG_85	WP_002826699.1	71.5	288	82	0	1	288	1	288	2.95e-148	420
OG_85	VIMSS587596	73.6	284	75	0	2	285	8	291	7.91e-148	419
OG_85	SwissProt::P55253	71.6	285	80	1	2	285	5	289	9.07e-148	419
OG_96	Q832Q0	98.7	232	3	0	1	232	1	232	2.89e-162	454
OG_96	WP_002356915.1	58.8	228	94	0	1	228	1	228	5.49e-89	269
OG_96	VIMSS4260164	45.5	224	121	1	1	223	7	230	2.39e-57	188
OG_96	VIMSS134107	44.1	227	125	1	4	228	6	232	2.72e-57	188
OG_96	VIMSS116822	43.6	227	126	1	4	228	6	232	4.30e-56	185
OG_96	WP_000446965.1	42.7	227	128	1	4	228	6	232	6.78e-55	182
OG_96	VIMSS10380302	43.3	224	119	3	2	218	8	230	1.28e-54	181
OG_96	VIMSS10395648	41.7	228	126	1	4	224	5	232	2.49e-54	180
OG_96	Q8A2D9	45.1	215	109	3	2	210	8	219	4.69e-54	180
OG_96	WP_173940362.1	45.7	208	111	2	4	211	2	207	6.18e-52	174
OG_96	WP_005931076.1	43.7	222	117	3	4	218	6	226	4.05e-51	172
OG_96	WP_003607215.1	43.5	223	125	1	2	223	5	227	1.51e-50	171
OG_96	WP_000413826.1	39.4	226	132	1	4	224	5	230	1.83e-50	170
OG_96	VIMSS7623789	43.6	227	118	4	1	220	1	224	2.42e-50	170
OG_96	WP_065973229.1	40.5	227	131	2	4	228	3	227	4.99e-50	169
OG_96	CAZy::CAA59782.1	45.0	211	112	2	4	210	5	215	1.26e-49	168
OG_96	WP_024704133.1	40.5	227	131	2	4	228	3	227	1.40e-49	168
OG_96	Q83YR4	40.8	228	129	2	4	225	2	229	5.26e-49	166
OG_96	VIMSS275794	40.8	233	128	5	1	225	1	231	7.29e-46	158
OG_96	VIMSS1244952	39.4	213	121	2	4	212	7	215	9.78e-46	158
OG_96	VIMSS2093214	39.4	213	121	2	4	212	7	215	1.38e-45	157
OG_96	VIMSS10456681	37.7	236	135	2	1	224	1	236	2.13e-45	157
OG_96	WP_015438463.1	39.9	213	125	3	2	211	18	230	2.63e-45	157
OG_96	WP_100831577.1	36.4	225	138	4	3	223	4	227	2.94e-45	157
OG_96	VIMSS10349553	39.0	213	122	2	4	212	7	215	7.64e-45	155
OG_3	VIMSS356327	98.7	314	4	0	1	314	580	893	2.04e-220	627
OG_3	WP_014525033.1	44.7	302	167	0	6	307	436	737	1.79e-82	269
OG_115	VIMSS356315	95.3	234	11	0	28	261	76	309	8.19e-157	441
OG_115	Q88WP5	44.6	222	121	1	36	255	89	310	6.40e-54	180
OG_115	VIMSS38270	48.4	221	107	5	35	251	87	304	9.79e-54	179
OG_115	VIMSS157518	48.2	218	103	3	21	234	71	282	1.08e-53	179
OG_115	VIMSS360978	49.5	210	96	4	34	237	87	292	1.18e-52	177
OG_115	WP_178939141.1	50.0	208	98	4	34	237	87	292	1.31e-51	174
OG_115	VIMSS64947	41.3	225	123	4	36	255	85	305	3.26e-48	165
OG_115	VIMSS1867980	41.8	237	133	3	24	258	76	309	5.70e-48	164
OG_115	VIMSS313773	44.2	215	113	4	28	236	81	294	6.73e-45	157
OG_115	VIMSS103445	44.4	205	107	4	36	234	88	291	1.12e-44	156
OG_115	VIMSS666586	43.9	205	108	4	36	234	88	291	2.23e-44	155
OG_115	A4VVZ3	46.3	203	96	6	36	237	85	275	1.24e-42	150
OG_115	WP_002263069.1	43.0	223	113	6	34	255	83	292	1.75e-42	150
OG_115	VIMSS923006	43.4	228	113	7	34	259	84	297	1.98e-42	150
OG_115	WP_015605149.1	44.8	203	99	4	36	237	85	275	2.46e-38	139
OG_115	VIMSS3374429	37.4	238	142	4	22	255	77	311	4.10e-38	139
OG_115	WP_014410720.1	36.8	223	129	4	16	230	120	338	1.17e-36	136
OG_115	VIMSS10375891	38.2	207	102	5	34	227	79	272	7.08e-29	114
OG_115	WP_137090378.1	37.4	187	110	4	44	227	92	274	3.95e-27	110
OG_115	VIMSS602980	38.4	203	113	5	40	234	88	286	6.79e-26	106
OG_115	VIMSS5463822	34.2	193	119	3	46	236	94	280	1.13e-23	100
OG_115	VIMSS5917042	30.4	227	149	3	21	242	69	291	7.70e-22	95.9
OG_115	VIMSS246007	30.9	230	147	4	24	247	78	301	1.26e-21	95.5
OG_115	VIMSS179410	34.0	200	122	4	42	234	95	291	2.35e-21	94.7
OG_115	VIMSS34500	29.4	221	145	4	21	234	72	288	2.49e-21	94.7
OG_13	WP_002379616.1	98.3	117	2	0	1	117	164	280	2.45e-77	233
OG_13	VIMSS356344	98.3	117	2	0	1	117	183	299	4.42e-77	233
OG_13	WP_002356895.1	97.4	117	3	0	1	117	164	280	2.00e-76	230
OG_13	VIMSS330214	62.6	115	43	0	1	115	165	279	2.82e-45	151
OG_13	VIMSS1868318	56.0	116	51	0	1	116	164	279	1.27e-43	147
OG_13	VIMSS77007	59.8	117	43	1	1	113	165	281	2.01e-40	139
OG_13	VIMSS7781014	61.8	110	40	1	1	108	165	274	7.70e-40	137
OG_13	VIMSS2125661	59.0	117	44	1	1	113	165	281	1.59e-39	137
OG_13	WP_011476435.1	58.3	115	46	1	1	115	165	277	2.71e-39	135
OG_13	VIMSS133208	60.0	110	42	1	1	108	165	274	6.10e-39	135
OG_13	WP_000600901.1	60.0	110	42	1	1	108	165	274	6.10e-39	135
OG_13	WP_014713146.1	60.9	110	41	1	1	108	165	274	1.21e-38	134
OG_13	WP_014621820.1	60.0	110	42	1	1	108	165	274	3.42e-38	133
OG_13	VIMSS3065023	58.3	108	45	0	1	108	174	281	3.93e-38	133
OG_13	WP_000600895.1	60.0	110	42	1	1	108	165	274	4.93e-38	132
OG_13	VIMSS298256	60.0	110	42	1	1	108	165	274	4.93e-38	132
OG_13	VIMSS922883	59.1	110	43	1	1	108	165	274	6.96e-38	132
OG_13	WP_255262719.1	59.1	110	43	1	1	108	166	275	3.98e-37	130
OG_13	VIMSS3789333	59.1	110	43	1	1	108	165	274	5.37e-37	130
OG_13	VIMSS4040681	56.5	108	47	0	1	108	164	271	1.81e-36	128
OG_13	P39631	40.9	115	64	2	1	113	164	276	6.70e-22	90.9
OG_13	VIMSS10381084	41.7	115	63	3	1	112	161	274	5.25e-21	88.6
OG_13	VIMSS1105744	43.4	113	54	4	1	113	164	266	1.13e-20	87.4
OG_13	VIMSS5765	36.3	113	70	1	3	113	166	278	2.68e-20	86.7
OG_13	VIMSS351258	37.8	119	70	2	1	115	164	282	3.69e-20	86.3
OG_47	WP_002356902.1	95.0	159	8	0	59	217	392	550	4.03e-94	300
OG_47	VIMSS356334	95.0	159	8	0	59	217	392	550	4.03e-94	300
OG_105	WP_014525033.1	96.5	200	7	0	1	200	1	200	1.55e-70	232
OG_105	VIMSS356327	96.5	200	7	0	1	200	1	200	3.74e-70	232
OG_105	WP_013852013.1	65.7	35	12	0	166	200	786	820	7.45e-05	47.0
OG_105	VIMSS10396070	65.7	35	12	0	166	200	786	820	7.45e-05	47.0
OG_105	WP_014620169.1	65.7	35	12	0	166	200	788	822	7.45e-05	47.0
OG_105	WP_009854465.1	65.7	35	12	0	166	200	788	822	7.45e-05	47.0
OG_24	VIMSS356335	97.2	142	4	0	1	142	1	142	1.18e-92	277
OG_24	VIMSS3803686	54.0	139	64	0	3	141	4	142	1.34e-48	165
OG_24	WP_058463748.1	50.0	140	70	0	2	141	3	142	1.15e-43	152
OG_24	VIMSS367216	45.9	148	72	1	2	141	6	153	9.76e-39	139
OG_24	WP_005741031.1	46.7	137	73	0	2	138	3	139	3.61e-38	137
OG_24	VIMSS334088	45.8	144	70	1	6	141	8	151	2.06e-37	135
OG_24	VIMSS5925488	41.9	136	79	0	2	137	3	138	4.55e-36	132
OG_24	VIMSS1174799	41.9	136	78	1	6	141	5	139	3.14e-35	129
OG_24	Q07698	42.6	141	79	1	1	141	1	139	2.05e-34	125
OG_24	metacyc::MONOMER-21501	41.2	136	80	0	6	141	3	138	8.66e-34	125
OG_24	biolip::8dkuA	42.6	136	76	1	6	141	2	135	1.00e-33	125
OG_24	VIMSS1109521	41.3	138	79	1	6	141	8	145	1.20e-33	121
OG_24	metacyc::MONOMER-21646	41.2	136	80	0	6	141	3	138	1.21e-33	125
OG_24	VIMSS1849208	42.5	146	71	1	6	138	4	149	1.33e-33	125
OG_24	VIMSS742645	42.5	146	71	1	6	138	8	153	1.39e-33	125
OG_24	VIMSS57837	44.3	131	73	0	11	141	13	143	1.10e-32	122
OG_24	VIMSS6365505	41.6	154	73	2	2	138	5	158	2.60e-32	122
OG_24	VIMSS259453	39.7	136	82	0	6	141	16	151	3.48e-32	121
OG_24	VIMSS4518607	54.0	100	46	0	39	138	1	100	2.10e-31	119
OG_24	VIMSS5593439	42.9	140	78	1	2	141	3	140	2.56e-31	119
OG_24	VIMSS6365502	47.5	120	63	0	22	141	40	159	6.64e-31	118
OG_24	VIMSS4518605	50.5	103	51	0	39	141	1	103	8.82e-31	117
OG_24	metacyc::MONOMER-21499	38.2	136	84	0	6	141	4	139	1.76e-30	116
OG_24	VIMSS1756023	49.5	103	52	0	39	141	48	150	3.66e-30	116
OG_24	TCDB::Q50863	49.5	103	52	0	39	141	48	150	3.66e-30	116
OG_12	VIMSS356341	98.5	67	1	0	1	67	1	67	1.51e-38	130
OG_12	VIMSS2061736	41.8	67	34	2	1	63	1	66	2.26e-06	46.6
OG_12	WP_009893196.1	49.0	51	22	1	8	54	10	60	1.13e-05	44.7
OG_12	VIMSS3790326	38.8	67	36	2	1	63	1	66	5.24e-05	42.7
OG_161	VIMSS356331	97.9	48	1	0	1	48	243	290	1.22e-28	107
OG_161	WP_002356908.1	97.9	48	1	0	1	48	243	290	1.22e-28	107
OG_161	WP_002362923.1	95.8	48	2	0	1	48	243	290	3.26e-28	106
OG_54	VIMSS356325	90.9	99	9	0	1	99	1	99	6.51e-60	186
OG_54	metacyc::MONOMER-17174	56.6	99	42	1	1	99	1	98	1.30e-31	114
OG_54	VIMSS3790331	40.6	96	56	1	2	96	3	98	1.26e-16	75.5
OG_54	VIMSS330734	38.3	94	57	1	1	93	1	94	4.35e-16	73.9
OG_54	WP_000638475.1	32.6	95	62	2	1	93	1	95	5.13e-09	55.1
OG_54	VIMSS665548	32.6	95	62	2	1	93	1	95	5.13e-09	55.1
OG_54	biolip::6xhqA	31.1	90	60	2	6	93	6	95	1.69e-06	48.1
OG_54	VIMSS911714	31.1	90	60	2	6	93	6	95	1.70e-06	48.1
OG_54	VIMSS1288709	27.6	76	54	1	19	93	6	81	3.61e-04	41.6
OG_120	WP_002263152.1	60.9	46	18	0	1	46	102	147	2.28e-10	55.1
OG_120	biolip::5ljiA	59.5	42	17	0	1	42	101	142	8.68e-10	53.5
OG_120	VIMSS116760	59.5	42	17	0	1	42	102	143	8.97e-10	53.5
OG_120	VIMSS2060804	63.4	41	15	0	1	41	102	142	6.86e-09	51.2
OG_120	VIMSS5935889	60.0	45	18	0	1	45	102	146	7.19e-09	51.2
OG_120	WP_012775265.1	56.1	41	18	0	1	41	105	145	8.76e-07	45.8
OG_84	WP_002356893.1	97.9	190	4	0	1	190	1	190	8.20e-138	385
OG_84	VIMSS330212	75.1	177	44	0	1	177	4	180	1.98e-93	273
OG_84	WP_002820836.1	68.9	190	57	1	1	190	2	189	2.51e-93	273
OG_84	VIMSS5793847	67.4	190	60	1	1	190	3	190	6.09e-92	270
OG_84	VIMSS2280326	59.9	187	71	2	1	187	1	183	3.23e-79	237
OG_84	biolip::3rykA	58.0	176	72	1	1	176	2	175	3.26e-67	206
OG_84	VIMSS350866	54.4	180	81	1	1	180	1	179	1.04e-62	195
OG_84	VIMSS3728484	50.3	181	86	2	8	188	9	185	1.24e-59	187
OG_84	WP_003407042.1	51.3	187	85	3	1	187	1	181	2.33e-59	187
OG_84	WP_015504001.1	52.2	178	82	3	1	178	4	178	7.31e-59	186
OG_84	VIMSS149420	53.7	175	78	3	3	176	4	176	2.90e-55	176
OG_84	VIMSS345940	53.1	175	79	3	3	176	4	176	5.82e-55	176
OG_84	VIMSS237002	49.7	181	89	2	1	180	1	180	5.82e-55	176
OG_84	WP_100211647.1	52.6	171	80	1	1	171	1	170	2.01e-54	174
OG_84	VIMSS16146	51.7	180	82	4	1	178	1	177	2.03e-53	172
OG_84	VIMSS673229	50.3	181	85	4	1	178	1	179	2.88e-53	171
OG_84	VIMSS338741	52.2	182	82	5	1	179	1	180	8.71e-53	170
OG_84	VIMSS562806	48.6	185	94	1	1	185	1	184	1.15e-52	170
OG_84	VIMSS7589635	51.7	172	81	2	1	171	1	171	4.27e-52	168
OG_84	VIMSS10381086	47.5	179	89	3	3	178	6	182	5.80e-52	168
OG_84	BRENDA::O05369	50.0	168	82	2	1	168	1	166	1.11e-51	167
OG_84	WP_025295307.1	48.3	172	87	1	19	190	11	180	2.76e-51	166
OG_84	VIMSS1105742	51.2	172	80	3	1	170	1	170	7.16e-51	165
OG_84	VIMSS7022096	49.4	178	86	3	1	178	1	174	8.70e-51	165
OG_84	VIMSS132216	49.7	159	80	0	20	178	21	179	3.26e-50	164
OG_25	VIMSS356319	86.4	44	6	0	1	44	198	241	1.56e-14	68.6
OG_56	VIMSS356327	93.5	200	13	0	1	200	511	710	4.71e-124	374
OG_48	VIMSS356319	98.9	94	1	0	1	94	375	468	3.77e-52	172
OG_58	VIMSS356331	83.1	83	14	0	1	83	275	357	7.22e-40	139
OG_58	WP_002356908.1	83.1	83	14	0	1	83	275	357	7.22e-40	139
OG_58	WP_002362923.1	80.7	83	16	0	1	83	275	357	4.08e-38	134
OG_106	VIMSS356317	95.6	181	8	0	1	181	1	181	2.81e-112	335
OG_150	WP_012775265.1	74.1	27	7	0	2	28	3	29	3.77e-04	38.1
OG_150	VIMSS2060804	66.7	30	10	0	2	31	3	32	9.65e-04	37.0
OG_150	VIMSS5935889	70.4	27	8	0	2	28	3	29	9.87e-04	37.0
OG_23	VIMSS356335	97.4	76	2	0	1	76	330	405	5.41e-47	157
OG_130	VIMSS356351	92.9	113	8	0	5	117	1	113	1.31e-61	196
OG_130	WP_002286457.1	46.3	108	58	0	10	117	5	112	7.90e-26	102
OG_130	VIMSS7781556	46.7	105	48	1	21	117	17	121	4.45e-22	92.8
OG_130	VIMSS928366	47.2	106	48	1	20	117	15	120	3.01e-21	90.5
OG_130	WP_021143485.1	47.2	106	48	1	20	117	15	120	3.01e-21	90.5
OG_130	VIMSS2127422	39.6	134	57	1	8	117	10	143	1.51e-20	89.0
OG_130	Q8E7L8	39.8	118	63	1	8	117	4	121	3.68e-18	82.0
OG_130	Q8CZF2	45.6	103	48	1	23	117	19	121	5.08e-18	81.6
OG_130	VIMSS5629178	42.7	103	54	1	20	117	7	109	2.86e-17	79.3
OG_130	VIMSS157183	43.2	95	51	1	23	117	13	104	2.72e-16	76.6
OG_130	WP_039811425.1	42.9	98	51	2	13	109	3	96	3.66e-16	76.3
OG_130	VIMSS663381	42.1	95	52	1	23	117	13	104	9.83e-16	75.1
OG_130	VIMSS10174346	39.2	102	59	1	16	117	6	104	1.20e-13	69.3
OG_130	VIMSS158741	34.7	101	63	1	17	117	7	104	5.90e-10	58.9
OG_130	VIMSS664938	34.7	101	63	1	17	117	7	104	5.90e-10	58.9
OG_130	NP_391433.1	34.0	103	62	2	11	109	4	104	5.31e-09	56.2
OG_130	metacyc::MONOMER-19967	34.0	103	62	2	11	109	4	104	5.31e-09	56.2
OG_130	VIMSS1749527	36.4	77	43	1	30	100	55	131	2.29e-07	51.6
OG_130	WP_005179818.1	35.4	82	52	1	20	100	12	93	6.71e-06	47.4
OG_130	VIMSS5215425	32.6	92	53	2	14	100	2	89	1.70e-05	46.2
OG_130	Q7UQ81	32.0	100	57	3	12	100	10	109	7.55e-04	41.6
OG_104	WP_002383759.1	90.2	41	4	0	1	41	116	156	5.20e-20	84.0
OG_104	VIMSS356332	90.2	41	4	0	1	41	105	145	5.20e-20	84.0
OG_51	VIMSS356326	97.1	69	2	0	1	69	1	69	8.30e-39	135
OG_51	VIMSS112437	81.2	69	13	0	1	69	1	69	4.72e-32	117
OG_51	WP_038702803.1	68.1	69	22	0	1	69	1	69	2.70e-25	99.4
OG_51	P35881	53.6	69	32	0	1	69	1	69	7.91e-18	79.0
OG_51	WP_014621681.1	53.6	69	32	0	1	69	1	69	1.09e-17	78.6
OG_51	VIMSS275100	53.6	69	32	0	1	69	1	69	1.50e-17	78.2
OG_21	WP_002356902.1	91.5	94	8	0	1	94	334	427	7.59e-52	177
OG_21	VIMSS356334	91.5	94	8	0	1	94	334	427	7.59e-52	177
OG_10	VIMSS356332	97.9	290	6	0	1	290	1	290	4.71e-195	553
OG_10	WP_002383759.1	97.9	290	6	0	1	290	12	301	6.75e-195	553
OG_69	VIMSS356332	98.2	656	12	0	1	656	1	656	0.0	1271
OG_69	WP_002383759.1	98.2	656	12	0	1	656	12	667	0.0	1271
OG_159	VIMSS356324	96.7	60	2	0	1	60	293	352	2.84e-34	122
OG_159	WP_002378507.1	95.0	60	3	0	1	60	293	352	1.10e-33	120
OG_94	VIMSS356321	98.7	236	3	0	1	236	18	253	3.93e-179	495
OG_94	VIMSS116736	33.3	240	141	5	2	236	19	244	2.14e-31	119
OG_94	VIMSS134036	32.1	246	138	9	2	236	19	246	7.47e-28	110
OG_94	VIMSS5756437	31.7	246	139	9	2	236	19	246	3.02e-26	106
OG_94	WP_005795218.1	29.8	235	145	4	4	234	25	243	3.35e-24	100
OG_94	BRENDA::B0URY8	28.6	241	151	7	2	236	19	244	2.36e-22	95.9
OG_94	VIMSS2324061	28.8	243	143	7	2	236	19	239	8.31e-21	91.7
OG_94	VIMSS7878	28.2	245	147	8	2	236	19	244	2.40e-18	85.1
OG_94	VIMSS2061741	27.7	253	146	7	4	236	44	279	3.86e-16	79.7
OG_94	VIMSS3790333	27.3	253	147	7	4	236	25	260	5.92e-16	79.0
OG_94	WP_001076784.1	27.7	242	154	10	6	236	24	255	5.68e-13	70.5
OG_94	VIMSS356328	28.8	240	156	8	2	236	22	251	2.66e-11	65.9
OG_94	VIMSS10327201	32.3	124	70	3	6	125	123	236	3.65e-10	63.2
OG_94	BRENDA::C4TGF1	27.9	244	121	13	6	235	22	224	1.70e-09	60.5
OG_94	WP_005896272.1	26.5	238	145	9	3	234	21	234	1.75e-09	60.5
OG_162	VIMSS356333	88.1	109	13	0	1	109	283	391	6.67e-63	206
OG_162	WP_002364384.1	88.1	109	13	0	1	109	283	391	1.81e-62	205
OG_162	WP_058463750.1	59.0	105	43	0	1	105	237	341	2.02e-37	136
OG_162	WP_149113283.1	49.5	109	53	1	1	109	291	397	1.50e-32	123
OG_162	WP_227028673.1	50.5	105	52	0	5	109	318	422	4.42e-31	119
OG_162	WP_095597216.1	50.5	107	53	0	1	107	376	482	8.33e-31	118
OG_162	WP_015087877.1	51.4	105	51	0	5	109	330	434	1.13e-30	117
OG_162	VIMSS1206030	52.3	109	52	0	1	109	341	449	2.89e-30	116
OG_162	WP_057107652.1	49.5	107	54	0	1	107	376	482	3.94e-30	116
OG_162	WP_015452749.1	51.5	103	50	0	5	107	174	276	2.76e-28	110
OG_162	WP_014200380.1	48.5	97	50	0	13	109	413	509	5.03e-27	107
OG_162	WP_211218761.1	38.3	94	58	0	5	98	830	923	1.46e-17	80.5
OG_100	VIMSS356317	90.8	153	14	0	1	153	169	321	4.34e-82	256
OG_124	VIMSS356333	89.3	28	3	0	1	28	473	500	1.71e-10	56.2
OG_124	WP_002364384.1	89.3	28	3	0	1	28	473	500	1.71e-10	56.2
OG_68	VIMSS356331	97.5	433	11	0	1	433	1	433	1.81e-297	810
OG_68	WP_002356908.1	97.0	433	13	0	1	433	1	433	4.27e-296	806
OG_68	WP_002362923.1	96.3	433	16	0	1	433	1	433	5.80e-294	801
OG_111	WP_002356909.1	97.9	193	4	0	1	193	273	465	6.38e-126	366
OG_111	WP_002359907.1	92.7	191	14	0	1	191	273	463	3.14e-116	341
OG_111	WP_002289073.1	78.7	174	37	0	1	174	273	446	1.74e-91	278
OG_111	WP_005687210.1	78.0	177	39	0	1	177	273	449	1.90e-91	278
OG_111	VIMSS612097	74.2	178	46	0	1	178	272	449	5.41e-87	266
OG_111	VIMSS66231	51.7	174	83	1	2	174	17	190	2.98e-58	185
OG_111	VIMSS7019928	47.0	164	84	1	1	161	291	454	7.34e-45	157
OG_111	WP_011101302.1	46.3	160	86	0	2	161	59	218	1.51e-44	150
OG_111	WP_114807296.1	46.9	162	86	0	1	162	52	213	5.10e-44	149
OG_111	WP_151095105.1	47.6	170	85	2	1	166	292	461	5.62e-44	155
OG_111	WP_032126221.1	48.4	159	81	1	1	158	298	456	8.42e-44	155
OG_111	VIMSS1145609	50.6	164	77	2	1	161	306	468	1.11e-43	155
OG_111	VIMSS209685	47.9	167	84	1	5	168	318	484	1.58e-43	154
OG_111	WP_086031840.1	46.3	162	87	0	1	162	52	213	4.08e-43	147
OG_111	F9UQ51	43.7	167	94	0	2	168	55	221	4.32e-43	147
OG_111	VIMSS330976	43.7	167	94	0	2	168	57	223	4.57e-43	147
OG_111	WP_032876131.1	47.5	158	82	1	5	162	57	213	1.15e-42	145
OG_111	VIMSS1754366	48.7	154	77	2	5	157	301	453	2.33e-42	151
OG_111	WP_072729001.1	48.4	159	81	1	1	158	300	458	2.49e-42	151
OG_111	VIMSS1271035	45.7	164	86	1	1	161	290	453	4.27e-42	150
OG_111	VIMSS5551790	45.7	162	85	1	3	161	301	462	9.66e-42	149
OG_111	BRENDA::Q7BG44	48.4	159	81	1	1	158	303	461	9.97e-42	149
OG_111	VIMSS2093220	43.0	165	94	0	1	165	271	435	2.43e-41	148
OG_111	B3FN88	46.8	171	87	2	1	168	254	423	4.66e-41	147
OG_111	WP_046824981.1	49.1	161	78	2	5	162	302	461	4.90e-41	147
OG_123	VIMSS356332	87.3	102	13	0	1	102	113	214	5.77e-51	173
OG_123	WP_002383759.1	87.3	102	13	0	1	102	124	225	6.48e-51	173
OG_155	VIMSS356319	100	30	0	0	1	30	1	30	1.49e-11	59.3
OG_18	VIMSS356326	95.0	101	5	0	1	101	292	392	7.67e-61	193
OG_18	VIMSS112437	67.7	99	32	0	3	101	294	392	2.06e-40	140
OG_18	WP_038702803.1	58.0	100	42	0	2	101	293	392	6.10e-32	118
OG_18	P35881	56.1	98	43	0	2	99	293	390	6.79e-27	105
OG_18	VIMSS275100	56.1	98	43	0	2	99	293	390	1.31e-26	104
OG_18	WP_014621681.1	56.6	99	42	1	2	99	293	391	1.34e-25	101
OG_18	WP_114807077.1	49.0	96	49	0	4	99	300	395	1.92e-25	101
OG_18	WP_014562705.1	49.0	96	49	0	4	99	300	395	1.92e-25	101
OG_18	WP_205841307.1	49.0	96	49	0	4	99	300	395	1.92e-25	101
OG_18	P35880	46.3	67	35	1	4	69	295	361	3.56e-10	58.9
OG_18	VIMSS1180646	36.5	63	39	1	4	65	306	368	3.49e-07	50.4
OG_18	VIMSS3803936	33.3	78	51	1	4	80	63	140	1.02e-06	48.1
OG_18	WP_001122813.1	29.1	79	55	1	3	80	301	379	4.22e-06	47.4
OG_18	WP_090585016.1	32.2	87	56	3	6	90	329	414	3.79e-05	44.7
OG_74	WP_002356900.1	97.0	264	8	0	1	264	1	264	2.92e-170	474
OG_74	VIMSS2725606	40.3	268	156	2	1	264	1	268	2.06e-60	195
OG_74	VIMSS3803685	39.1	258	152	2	11	264	9	265	3.01e-59	192
OG_74	WP_007614137.1	32.3	269	170	2	8	264	7	275	5.94e-43	150
OG_74	P42953	30.1	259	169	2	18	264	17	275	2.00e-40	144
OG_74	metacyc::MONOMER-19999	30.1	259	169	2	18	264	17	275	1.20e-38	139
OG_74	VIMSS267944	30.9	269	169	4	7	264	6	268	2.11e-33	125
OG_74	WP_047172164.1	28.7	258	173	5	10	262	13	264	1.17e-31	121
OG_74	VIMSS663492	26.8	261	187	1	8	264	3	263	5.94e-31	119
OG_74	VIMSS157298	25.6	266	194	1	3	264	2	267	7.97e-27	108
OG_74	WP_038409749.1	25.2	266	195	1	3	264	2	267	4.24e-26	106
OG_74	VIMSS2127070	24.4	266	194	2	3	262	2	266	9.07e-20	89.7
OG_74	VIMSS6365504	26.3	266	179	7	11	264	71	331	7.89e-13	71.2
OG_57	WP_014525033.1	85.7	77	11	0	1	77	138	214	5.77e-36	131
OG_57	VIMSS356327	85.7	77	11	0	1	77	138	214	5.87e-36	131
OG_57	WP_013852013.1	61.2	49	19	0	29	77	786	834	1.07e-12	65.1
OG_57	VIMSS10396070	61.2	49	19	0	29	77	786	834	1.07e-12	65.1
OG_57	WP_014620169.1	61.2	49	19	0	29	77	788	836	1.07e-12	65.1
OG_57	WP_009854465.1	61.2	49	19	0	29	77	788	836	1.07e-12	65.1
OG_57	WP_002263335.1	59.2	49	20	0	29	77	775	823	2.00e-12	64.3
OG_57	CAZy::BAF03559.1	59.2	49	20	0	29	77	775	823	2.00e-12	64.3
OG_57	CAZy::BAH11115.1	59.2	49	20	0	29	77	653	701	1.30e-11	62.0
OG_57	WP_021002875.1	59.2	49	20	0	29	77	136	184	1.79e-11	61.6
OG_19	WP_014525033.1	86.8	159	21	0	1	159	228	386	8.30e-94	292
OG_19	VIMSS356327	86.8	159	21	0	1	159	228	386	3.16e-93	292
OG_19	WP_002263335.1	33.3	141	77	5	2	128	838	975	2.12e-12	67.8
OG_19	CAZy::BAF03559.1	33.3	141	77	5	2	128	838	975	2.12e-12	67.8
OG_9	VIMSS356332	90.7	129	12	0	1	129	164	292	3.23e-70	225
OG_9	WP_002383759.1	90.7	129	12	0	1	129	175	303	3.92e-70	225
OG_166	VIMSS356328	92.5	40	3	0	1	40	1	40	4.20e-17	76.6
OG_166	WP_014525033.1	87.8	41	5	0	42	82	11	51	3.73e-13	66.6
OG_166	VIMSS356327	87.8	41	5	0	42	82	11	51	3.74e-13	66.6
OG_166	VIMSS134109	55.9	34	15	0	7	40	5	38	3.13e-04	41.2
OG_64	VIMSS356327	98.9	893	10	0	1	893	1	893	0.0	1621
OG_64	WP_014525033.1	71.4	815	232	1	1	815	1	814	0.0	1009
OG_64	WP_002263335.1	48.4	186	84	4	166	342	775	957	5.73e-38	157
OG_64	CAZy::BAF03559.1	48.4	186	84	4	166	342	775	957	5.73e-38	157
OG_64	VIMSS2060413	44.3	194	94	4	161	343	135	325	4.28e-36	152
OG_64	WP_009854465.1	46.8	186	88	3	166	342	788	971	5.16e-36	151
OG_64	WP_013852013.1	46.8	186	88	3	166	342	786	969	1.57e-35	150
OG_64	WP_021002875.1	42.7	211	101	5	166	364	136	338	3.69e-35	149
OG_64	VIMSS10396070	46.2	186	89	3	166	342	786	969	4.79e-35	148
OG_64	WP_014620169.1	46.2	186	89	3	166	342	788	971	4.81e-35	148
OG_64	WP_012490861.1	31.2	321	203	7	138	455	86	391	2.57e-32	139
OG_64	CAZy::BAH11115.1	39.8	221	119	5	133	342	618	835	1.19e-31	137
OG_64	S2NSV8	31.0	335	209	8	138	467	86	403	4.15e-31	135
OG_64	WP_011101733.1	30.7	238	153	7	138	373	3	230	8.07e-26	114
OG_64	WP_172643146.1	33.5	212	127	8	165	373	33	233	1.77e-23	107
OG_73	WP_002383748.1	98.8	321	4	0	1	321	4	324	7.88e-227	622
OG_73	WP_002356922.1	97.1	315	9	0	1	315	1	315	9.95e-219	601
OG_73	WP_002289372.1	68.5	314	99	0	1	314	1	314	1.68e-159	451
OG_73	WP_029257821.1	52.3	310	142	2	1	309	1	305	3.72e-104	310
OG_73	VIMSS260316	47.1	314	161	2	1	314	1	309	1.10e-101	305
OG_73	VIMSS911592	47.1	314	161	2	1	314	1	309	1.10e-101	305
OG_73	VIMSS1288583	46.8	314	162	2	1	314	4	312	3.46e-101	303
OG_73	VIMSS330224	49.0	306	149	3	5	309	4	303	2.94e-97	293
OG_73	WP_005687208.1	49.0	312	152	2	1	310	1	307	1.47e-96	291
OG_73	WP_035437030.1	49.8	323	150	7	1	321	1	313	4.48e-96	290
OG_73	WP_114807199.1	49.5	323	151	7	1	321	1	313	2.55e-95	288
OG_73	VIMSS189493	42.4	314	165	7	1	312	1	300	1.25e-75	238
OG_73	biolip::6dntA	40.8	299	163	7	2	298	4	290	2.02e-66	214
OG_73	VIMSS876169	44.1	290	150	6	5	291	7	287	5.51e-63	205
OG_73	VIMSS1398	38.5	314	177	11	3	312	2	303	1.23e-61	202
OG_73	VIMSS10350240	39.7	317	176	8	4	314	14	321	4.05e-60	198
OG_73	VIMSS1244108	39.7	317	176	8	4	314	14	321	4.05e-60	198
OG_73	VIMSS2093425	39.7	315	175	8	4	312	14	319	8.29e-60	197
OG_73	VIMSS873606	42.9	294	156	7	2	292	4	288	2.21e-59	196
OG_73	biolip::6wj9B	42.5	294	157	7	2	292	2	286	4.17e-59	195
OG_73	VIMSS216201	41.4	292	159	6	5	293	7	289	1.24e-58	194
OG_73	WP_014757539.1	39.1	312	175	10	3	312	2	300	8.17e-58	192
OG_73	WP_001077698.1	37.0	327	178	10	4	312	18	334	9.33e-58	193
OG_73	VIMSS5215415	37.2	325	175	10	2	307	16	330	2.22e-57	192
OG_73	VIMSS60517	42.0	293	158	7	2	291	4	287	3.75e-57	190
OG_43	VIMSS356324	90.0	60	6	0	1	60	1	60	5.11e-30	110
OG_43	WP_002378507.1	90.0	60	6	0	1	60	1	60	5.11e-30	110
OG_145	VIMSS356322	74.0	73	19	0	1	73	255	327	1.51e-25	100
OG_163	WP_002356922.1	90.0	50	5	0	1	50	60	109	1.09e-21	87.8
OG_163	WP_002383748.1	90.0	50	5	0	1	50	63	112	1.19e-21	87.8
OG_163	WP_002289372.1	72.0	50	14	0	1	50	60	109	1.55e-16	73.9
OG_163	VIMSS330224	55.1	49	22	0	1	49	60	108	7.91e-10	55.5
OG_163	WP_029257821.1	55.1	49	22	0	1	49	61	109	2.78e-09	53.9
OG_163	WP_114807199.1	71.1	38	11	0	11	48	71	108	1.36e-08	52.0
OG_163	WP_035437030.1	71.1	38	11	0	11	48	71	108	1.36e-08	52.0
OG_14	WP_002383748.1	96.8	63	2	0	1	63	4	66	2.70e-34	121
OG_14	WP_002356922.1	92.1	63	5	0	1	63	1	63	1.07e-31	114
OG_14	WP_002289372.1	58.7	63	26	0	1	63	1	63	1.01e-18	80.5
OG_14	WP_029257821.1	50.0	64	31	1	1	63	1	64	4.04e-11	59.7
OG_14	WP_005687208.1	44.6	65	34	1	1	63	1	65	2.00e-10	57.8
OG_14	VIMSS10160495	60.0	40	16	0	2	41	4	43	1.33e-09	55.5
OG_14	VIMSS10160035	46.6	58	29	1	2	59	4	59	2.52e-09	54.7
OG_14	WP_003443689.1	38.6	70	36	3	1	63	1	70	2.16e-07	49.3
OG_14	VIMSS876169	51.7	60	27	2	5	62	7	66	2.90e-07	48.9
OG_14	VIMSS330224	40.0	60	35	1	5	63	4	63	5.47e-07	48.1
OG_14	SwissProt::A0R5C5	55.8	43	18	1	5	46	4	46	3.61e-06	45.8
OG_14	VIMSS1750722	55.8	43	18	1	5	46	6	48	3.61e-06	45.8
OG_14	VIMSS189493	43.1	58	29	2	1	56	1	56	4.93e-06	45.4
OG_14	BRENDA::Q6TFC2	34.3	70	39	3	1	63	1	70	3.29e-05	43.1
OG_14	Q97GN4	32.9	70	40	3	1	63	1	70	6.16e-05	42.4
OG_14	VIMSS10350240	43.9	57	28	2	4	56	14	70	1.15e-04	41.6
OG_14	VIMSS1244108	43.9	57	28	2	4	56	14	70	1.15e-04	41.6
OG_14	VIMSS2093425	43.9	57	28	2	4	56	14	70	1.15e-04	41.6
OG_14	VIMSS543926	34.9	63	37	2	3	63	2	62	1.58e-04	41.2
OG_14	VIMSS543919	34.9	63	37	2	3	63	2	62	1.58e-04	41.2
OG_14	VIMSS243446	38.9	54	30	2	4	56	5	56	2.16e-04	40.8
OG_14	WP_008362715.1	37.5	56	31	2	3	56	2	55	2.96e-04	40.4
OG_14	WP_016209607.1	43.6	55	29	2	4	56	2	56	4.03e-04	40.0
OG_14	VIMSS876041	34.8	66	37	2	4	63	3	68	4.06e-04	40.0
OG_14	L1L2L3	38.9	54	30	2	4	56	5	56	5.54e-04	39.7
OG_55	VIMSS356327	87.3	63	8	0	1	63	744	806	1.19e-28	109
OG_38	VIMSS356329	92.5	53	4	0	1	53	55	107	1.24e-26	99.8
OG_38	WP_002356910.1	90.6	53	5	0	1	53	55	107	1.75e-26	99.4
OG_38	VIMSS2034616	52.9	51	24	0	2	52	54	104	3.13e-12	62.0
OG_38	WP_015378195.1	58.7	46	19	0	6	51	56	101	1.91e-11	59.7
OG_38	VIMSS66242	50.0	50	25	0	4	53	63	112	7.40e-10	55.5
OG_38	VIMSS165424	58.5	41	17	0	13	53	62	102	1.70e-09	54.7
OG_38	metacyc::MONOMER-21516	44.4	45	25	0	9	53	60	104	1.90e-09	54.3
OG_38	SwissProt::B5L3F2	49.0	49	25	0	4	52	56	104	5.06e-09	53.1
OG_38	D8WNA7	42.0	50	29	0	4	53	58	107	6.96e-09	52.8
OG_38	Q8GMK1	49.0	49	25	0	4	52	62	110	7.02e-09	52.8
OG_38	VIMSS362628	51.2	41	20	0	13	53	69	109	2.14e-08	51.6
OG_38	VIMSS164641	51.1	45	21	1	4	48	53	96	2.16e-08	51.6
OG_38	VIMSS10399287	49.0	49	25	0	4	52	56	104	6.66e-08	50.1
OG_38	WP_044521610.1	49.0	51	25	1	3	53	53	102	1.04e-07	49.7
OG_38	VIMSS165416	49.0	51	25	1	3	53	56	105	1.04e-07	49.7
OG_38	VIMSS165423	49.0	49	24	1	4	52	54	101	2.65e-07	48.5
OG_38	WP_014410582.1	51.9	54	21	2	2	53	344	394	3.71e-07	48.1
OG_38	VIMSS165421	46.0	50	26	1	3	52	53	101	4.97e-07	47.8
OG_38	VIMSS2187484	52.5	40	19	0	13	52	451	490	5.11e-07	47.8
OG_38	VIMSS1100581	40.4	47	28	0	2	48	58	104	6.81e-07	47.4
OG_38	VIMSS165415	49.0	49	24	1	4	52	54	101	9.34e-07	47.0
OG_38	VIMSS165420	47.9	48	24	1	4	51	63	109	1.75e-06	46.2
OG_38	VIMSS733213	47.6	42	22	0	12	53	60	101	1.76e-06	46.2
OG_38	WP_040067209.1	50.0	42	21	0	10	51	62	103	2.40e-06	45.8
OG_38	VIMSS2205874	57.5	40	16	1	4	43	66	104	2.42e-06	45.8
OG_125	VIMSS356333	82.7	52	9	0	1	52	283	334	5.41e-24	95.9
OG_125	WP_002364384.1	82.7	52	9	0	1	52	283	334	5.41e-24	95.9
OG_125	WP_227028673.1	50.0	48	24	0	5	52	318	365	6.75e-10	55.8
OG_125	VIMSS334087	46.2	52	28	0	1	52	1128	1179	1.73e-09	54.7
OG_125	VIMSS1206030	50.0	52	26	0	1	52	341	392	2.36e-09	54.3
OG_125	WP_015087877.1	56.4	39	17	0	12	50	337	375	6.04e-09	53.1
OG_15	VIMSS356319	100	74	0	0	1	74	1	74	5.40e-44	150
OG_15	WP_014638249.1	60.9	69	27	0	6	74	2	70	2.46e-22	92.0
OG_15	WP_001092840.1	55.4	74	33	0	1	74	1	74	3.50e-22	91.7
OG_15	VIMSS3790329	52.7	74	35	0	1	74	1	74	6.02e-21	88.2
OG_137	WP_002356902.1	84.8	99	15	0	1	99	643	741	1.54e-50	174
OG_137	VIMSS356334	84.8	99	15	0	1	99	643	741	1.54e-50	174
OG_137	WP_227028673.1	41.9	93	54	0	4	96	303	395	2.61e-20	87.8
OG_137	WP_015087877.1	41.9	93	54	0	4	96	315	407	9.07e-20	86.3
OG_65	VIMSS356328	98.6	222	3	0	1	222	61	282	7.69e-166	461
OG_65	VIMSS134109	53.0	219	101	2	1	219	59	275	1.46e-78	240
OG_65	VIMSS116736	28.2	216	131	8	1	206	58	259	1.65e-10	63.2
OG_65	VIMSS356321	28.4	215	139	7	1	205	58	267	4.58e-08	56.2
OG_65	VIMSS7878	47.2	53	26	1	160	210	213	265	5.90e-08	55.8
OG_65	VIMSS2324061	37.3	51	32	0	162	212	210	260	1.13e-04	46.2
OG_65	WP_012340356.1	43.5	46	26	0	160	205	212	257	3.77e-04	44.7
OG_16	VIMSS356321	95.3	106	5	0	1	106	148	253	1.86e-72	219
OG_92	VIMSS5935889	74.0	146	38	0	1	146	1	146	1.87e-68	207
OG_92	VIMSS2060804	72.5	142	39	0	1	142	1	142	3.41e-68	206
OG_92	VIMSS116760	69.9	143	43	0	1	143	1	143	2.03e-67	204
OG_92	biolip::5ljiA	70.2	141	42	0	3	143	2	142	1.10e-66	202
OG_92	WP_002263152.1	69.4	147	45	0	1	147	1	147	4.77e-66	201
OG_92	WP_012775265.1	64.8	145	48	1	1	142	1	145	4.09e-59	183
OG_92	VIMSS1789848	65.7	143	49	0	1	143	1	143	6.80e-59	182
OG_92	WP_003564526.1	62.8	145	51	1	1	142	1	145	7.82e-57	177
OG_92	VIMSS356694	55.2	145	64	1	1	144	1	145	1.15e-46	152
OG_92	WP_002382673.1	55.2	145	64	1	1	144	3	147	1.22e-46	152
OG_92	VIMSS331527	50.3	143	70	1	1	142	1	143	3.88e-44	145
OG_92	VIMSS5816674	49.7	147	73	1	1	146	1	147	4.98e-40	135
OG_92	VIMSS635745	43.0	135	76	1	6	139	6	140	3.35e-27	102
OG_92	O34589	42.4	144	80	2	3	143	1	144	5.29e-27	102
OG_92	biolip::6gaqA	41.5	135	78	1	6	139	5	139	2.61e-26	100
OG_92	WP_001062752.1	41.5	135	78	1	6	139	6	140	2.69e-26	100
OG_92	VIMSS360812	41.5	135	78	1	6	139	13	147	3.24e-26	100
OG_92	NP_389298.1	38.3	141	86	1	1	140	1	141	5.75e-25	97.1
OG_92	WP_048370582.1	36.0	139	88	1	1	138	1	139	1.78e-21	87.8
OG_92	B7HK99	36.7	139	87	1	1	138	1	139	2.51e-21	87.4
OG_92	WP_000041153.1	36.7	139	87	1	1	138	1	139	5.00e-21	86.7
OG_92	biolip::6fsgA	37.3	134	83	1	6	138	5	138	6.88e-21	86.3
OG_92	VIMSS633731	37.2	129	80	1	11	138	1	129	9.67e-19	80.5
OG_92	VIMSS7444171	35.2	122	75	2	6	125	6	125	4.81e-14	68.6
OG_92	VIMSS5418810	29.1	117	80	2	1	115	1	116	9.87e-08	52.4
OG_148	WP_002356902.1	81.7	82	15	0	1	82	749	830	5.06e-38	137
OG_148	VIMSS356334	81.7	82	15	0	1	82	749	830	5.06e-38	137
OG_148	VIMSS356333	40.5	74	42	1	1	74	377	448	9.91e-08	51.2
OG_148	WP_002364384.1	40.5	74	42	1	1	74	377	448	9.91e-08	51.2
OG_148	WP_227028673.1	51.2	43	21	0	1	43	408	450	2.49e-04	41.6
OG_89	VIMSS356351	97.6	378	9	0	1	378	1	378	3.83e-246	675
OG_89	WP_002286457.1	58.2	368	154	0	6	373	5	372	1.08e-137	400
OG_89	VIMSS329843	56.8	347	148	2	6	351	4	349	1.78e-120	356
OG_89	VIMSS2127422	51.2	377	158	2	15	365	21	397	2.22e-116	348
OG_89	VIMSS7781556	49.0	365	176	2	15	369	15	379	3.83e-102	310
OG_89	VIMSS928366	48.2	365	179	2	15	369	14	378	1.86e-101	308
OG_89	WP_021143485.1	47.9	365	180	3	15	369	14	378	2.11e-100	306
OG_89	Q8CZF2	47.9	361	178	3	15	365	15	375	1.80e-96	296
OG_89	VIMSS157183	49.1	344	169	3	13	356	7	344	3.85e-95	291
OG_89	VIMSS663381	49.4	338	165	3	19	356	13	344	8.75e-94	288
OG_89	Q8E7L8	44.1	374	193	3	16	376	16	386	1.18e-91	283
OG_89	Q9A1G6	44.0	364	193	2	17	369	17	380	2.91e-90	280
OG_89	WP_039811425.1	45.8	349	179	4	9	355	3	343	3.60e-89	276
OG_89	VIMSS10174346	44.3	345	185	4	16	360	10	347	4.11e-84	263
OG_89	VIMSS158741	42.8	341	189	2	15	355	9	343	2.31e-82	258
OG_89	VIMSS664938	42.8	341	189	2	15	355	9	343	4.61e-82	258
OG_89	VIMSS5629178	42.0	345	192	2	16	355	7	348	7.79e-78	247
OG_89	VIMSS1289230	41.8	340	191	4	15	354	10	342	4.21e-74	237
OG_89	WP_000258150.1	41.8	340	191	4	15	354	10	342	4.21e-74	237
OG_89	metacyc::MONOMER-19967	40.7	349	195	6	7	349	4	346	2.05e-73	236
OG_89	NP_391433.1	40.7	349	195	6	7	349	4	346	2.89e-73	235
OG_89	VIMSS642917	41.7	350	196	5	15	361	12	356	3.13e-72	233
OG_89	WP_003346511.1	41.7	355	199	4	7	360	4	351	9.31e-72	231
OG_89	WP_005544775.1	39.8	354	188	7	22	357	20	366	1.17e-67	221
OG_89	VIMSS186232	34.6	306	188	5	16	313	12	313	6.42e-36	137
OG_99	VIMSS356317	95.1	103	5	0	1	103	333	435	1.83e-57	189
OG_5	VIMSS356328	100	66	0	0	1	66	19	84	7.09e-49	158
OG_5	VIMSS134109	71.9	64	18	0	1	64	17	80	5.54e-33	117
OG_5	WP_012340356.1	50.0	56	28	0	4	59	19	74	1.42e-13	66.2
OG_5	VIMSS7878	48.1	52	27	0	4	55	19	70	1.02e-12	63.9
OG_5	WP_001076784.1	39.5	76	32	2	3	64	19	94	2.09e-12	63.2
OG_5	WP_005795218.1	43.9	57	32	0	1	57	20	76	3.91e-12	62.4
OG_5	VIMSS116736	44.4	54	30	0	4	57	19	72	1.02e-11	61.2
OG_5	VIMSS356321	51.9	52	24	1	4	54	19	70	3.76e-10	57.0
OG_5	BRENDA::C4TGF1	46.0	50	27	0	3	52	17	66	6.36e-09	53.5
OG_5	VIMSS3598059	37.5	48	30	0	11	58	71	118	1.35e-05	44.3
OG_5	VIMSS135983	35.4	48	31	0	11	58	71	118	3.57e-05	43.1
OG_5	VIMSS36352	35.4	48	31	0	11	58	71	118	2.37e-04	40.8
OG_5	VIMSS36351	35.4	48	31	0	11	58	120	167	2.41e-04	40.8
OG_5	WP_011191120.1	33.3	48	32	0	11	58	120	167	8.51e-04	39.3
OG_108	WP_000195429.1	88.3	94	11	0	1	94	297	390	4.48e-50	165
OG_108	WP_002296840.1	40.9	93	54	1	1	92	298	390	1.34e-15	73.9
OG_108	WP_023483236.1	43.4	76	42	1	8	82	302	377	3.20e-11	61.6
OG_108	VIMSS35414	36.4	77	48	1	18	93	312	388	3.48e-09	55.8
OG_108	WP_048340531.1	36.4	88	53	2	1	87	295	380	5.77e-08	52.4
OG_108	VIMSS1227158	36.5	85	52	2	8	91	299	382	1.07e-07	51.6
OG_108	VIMSS131375	43.4	53	30	0	35	87	327	379	5.12e-07	49.7
OG_108	WP_087534779.1	34.1	88	56	2	1	87	289	375	1.31e-06	48.5
OG_108	P24575	42.9	56	31	1	37	92	332	386	6.20e-06	46.6
OG_108	VIMSS536086	36.5	52	33	0	40	91	334	385	1.94e-04	42.4
OG_108	VIMSS534785	36.5	52	33	0	40	91	334	385	1.94e-04	42.4
OG_108	VIMSS2229244	36.5	52	33	0	40	91	348	399	1.94e-04	42.4
OG_108	VIMSS2232065	36.5	52	33	0	40	91	348	399	1.94e-04	42.4
OG_28	VIMSS356349	97.4	78	2	0	1	78	1	78	4.46e-47	154
OG_28	WP_002413364.1	96.2	78	3	0	1	78	1	78	3.58e-46	151
OG_103	VIMSS356328	93.3	30	2	0	1	30	253	282	1.65e-11	58.9
OG_79	VIMSS356342	96.5	86	3	0	1	86	36	121	2.18e-45	145
OG_79	WP_002356898.1	90.1	81	8	0	1	81	36	116	9.02e-37	123
OG_79	VIMSS929579	31.4	70	48	0	7	76	41	110	6.68e-04	39.3
OG_40	WP_002356909.1	88.5	61	7	0	1	61	203	263	3.78e-29	110
OG_40	WP_002359907.1	88.5	61	7	0	1	61	203	263	3.78e-29	110
OG_40	WP_002289073.1	55.7	61	27	0	1	61	203	263	2.39e-17	77.4
OG_40	WP_005687210.1	48.3	58	30	0	4	61	206	263	3.95e-13	65.5
OG_167	VIMSS356329	96.6	58	2	0	1	58	169	226	2.07e-33	117
OG_167	WP_002356910.1	96.6	58	2	0	1	58	169	226	2.07e-33	117
OG_95	VIMSS356322	98.9	279	3	0	1	279	189	467	1.35e-183	516
OG_95	WP_002391475.1	34.7	265	151	6	9	265	205	455	9.95e-34	131
OG_4	VIMSS356327	89.4	265	28	0	1	265	319	583	9.22e-168	490
OG_4	WP_014525033.1	55.4	260	116	0	1	260	319	578	6.84e-93	294
OG_1	Q832Q0	100	92	0	0	1	92	233	324	6.67e-56	178
OG_154	VIMSS356352	93.8	48	3	0	1	48	255	302	4.28e-22	88.6
OG_117	VIMSS356345	94.0	83	5	0	1	83	260	342	1.04e-49	162
OG_117	WP_002356894.1	92.8	83	6	0	1	83	260	342	4.14e-49	161
OG_117	WP_011285494.1	77.2	79	18	0	1	79	261	339	4.85e-38	132
OG_117	VIMSS2015454	77.2	79	18	0	1	79	261	339	4.85e-38	132
OG_117	SwissProt::P95780	72.2	79	22	0	1	79	263	341	1.65e-35	126
OG_117	WP_002884100.1	72.2	79	22	0	1	79	263	341	2.32e-35	125
OG_117	WP_002947383.1	72.2	79	22	0	1	79	263	341	2.32e-35	125
OG_117	WP_003002700.1	70.9	79	23	0	1	79	263	341	9.03e-35	124
OG_117	WP_012000428.1	68.4	79	25	0	1	79	263	341	2.50e-34	123
OG_117	biolip::1kerB	68.4	79	25	0	1	79	262	340	3.45e-34	122
OG_117	VIMSS7781015	67.1	79	26	0	1	79	263	341	9.72e-34	121
OG_117	WP_024531966.1	68.4	79	25	0	1	79	263	341	9.72e-34	121
OG_117	WP_000141499.1	65.8	79	27	0	1	79	263	341	2.08e-32	118
OG_117	ENA::AAC44971.1	65.8	79	27	0	1	79	263	341	2.08e-32	118
OG_117	WP_016386644.1	57.8	83	35	0	1	83	259	341	2.90e-30	112
OG_117	VIMSS5793846	57.8	83	35	0	1	83	259	341	4.07e-30	112
OG_117	WP_014569852.1	56.6	83	36	0	1	83	259	341	1.57e-29	110
OG_117	WP_011743790.1	54.2	83	38	0	1	83	258	340	1.34e-25	100
OG_117	VIMSS5915454	56.3	87	34	1	1	83	253	339	5.03e-25	98.6
OG_117	VIMSS280489	53.0	83	39	0	1	83	265	347	7.78e-25	98.2
OG_117	VIMSS2125660	56.3	80	35	0	1	80	264	343	1.13e-24	97.8
OG_117	WP_041473656.1	57.0	79	34	0	5	83	262	340	1.39e-24	97.4
OG_117	WP_013389372.1	55.7	79	35	0	5	83	262	340	7.33e-24	95.5
OG_117	WP_008783180.1	55.7	79	35	0	5	83	262	340	1.05e-22	92.4
OG_117	WP_041080263.1	54.4	79	36	0	5	83	262	340	1.46e-22	92.0
OG_70	VIMSS356333	98.9	713	8	0	1	713	1	713	0.0	1417
OG_70	WP_002364384.1	98.6	713	10	0	1	713	1	713	0.0	1414
OG_70	WP_058463750.1	47.8	579	284	8	145	710	91	664	3.42e-171	509
OG_70	WP_095597216.1	47.3	566	292	4	150	710	240	804	2.11e-168	507
OG_70	WP_060708698.1	48.7	563	281	7	153	710	123	682	1.37e-167	501
OG_70	WP_057107652.1	47.3	565	286	5	154	710	244	804	1.63e-164	497
OG_70	VIMSS6365506	47.3	577	285	7	142	702	125	698	1.10e-163	492
OG_70	VIMSS334087	47.9	578	292	6	138	710	980	1553	6.06e-161	507
OG_70	VIMSS10133934	48.6	533	271	3	180	710	366	897	2.60e-158	484
OG_70	WP_004844496.1	44.9	594	318	6	125	712	224	814	1.14e-157	479
OG_70	VIMSS1206030	45.2	540	287	3	180	710	238	777	1.21e-143	443
OG_70	WP_227028673.1	39.6	623	352	8	102	704	117	735	1.12e-142	439
OG_70	WP_015452749.1	43.9	545	291	7	171	702	58	600	1.16e-139	427
OG_70	WP_015087877.1	43.0	539	303	3	168	704	211	747	3.89e-139	430
OG_70	VIMSS356334	35.9	696	395	12	5	699	399	1044	1.27e-125	402
OG_70	WP_002356902.1	36.1	696	394	12	5	699	399	1044	1.78e-125	402
OG_70	WP_014200380.1	39.6	540	313	6	180	710	299	834	3.44e-115	370
OG_70	VIMSS1756022	38.2	563	333	6	152	711	291	841	2.00e-109	363
OG_70	VIMSS259451	39.6	535	305	8	182	711	87	608	1.51e-107	343
OG_70	WP_211218761.1	37.5	570	331	7	154	713	705	1259	3.23e-97	333
OG_70	WP_149113283.1	36.5	565	302	13	147	702	155	671	1.76e-91	311
OG_70	VIMSS217484	36.1	454	244	12	273	704	342	771	7.07e-66	236
OG_70	WP_011669971.1	28.1	540	358	14	176	700	33	557	8.30e-48	182
OG_70	VIMSS1109816	34.3	271	149	7	439	692	153	411	2.73e-29	128
OG_70	VIMSS1206026	33.7	285	174	7	426	701	407	685	4.23e-29	128
OG_49	WP_002356894.1	92.6	136	10	0	1	136	1	136	7.21e-86	257
OG_49	VIMSS356345	92.6	136	10	0	1	136	1	136	7.21e-86	257
OG_49	SwissProt::P95780	75.6	135	33	0	2	136	5	139	1.05e-68	214
OG_49	biolip::1kerB	74.8	135	34	0	2	136	4	138	2.91e-68	213
OG_49	VIMSS7781015	74.8	135	34	0	2	136	5	139	2.99e-68	213
OG_49	WP_011285494.1	74.1	135	35	0	2	136	3	137	4.00e-68	212
OG_49	VIMSS2015454	74.1	135	35	0	2	136	3	137	5.66e-68	212
OG_49	WP_003002700.1	74.1	135	35	0	2	136	5	139	8.48e-68	211
OG_49	WP_002884100.1	74.1	135	35	0	2	136	5	139	1.70e-67	211
OG_49	WP_024531966.1	74.8	135	34	0	2	136	5	139	2.40e-67	210
OG_49	WP_002947383.1	73.3	135	36	0	2	136	5	139	2.40e-67	210
OG_49	WP_012000428.1	74.1	135	35	0	2	136	5	139	1.36e-66	208
OG_49	WP_000141499.1	72.6	135	37	0	2	136	5	139	1.12e-65	206
OG_49	ENA::AAC44971.1	72.6	135	37	0	2	136	5	139	1.12e-65	206
OG_49	VIMSS2125660	68.4	136	42	1	2	136	5	140	8.59e-60	191
OG_49	WP_011743790.1	69.2	130	40	0	2	131	9	138	1.86e-59	190
OG_49	WP_014569852.1	66.4	134	45	0	3	136	2	135	7.64e-59	188
OG_49	WP_016386644.1	65.7	134	46	0	3	136	2	135	3.05e-58	187
OG_49	VIMSS280489	69.5	128	39	0	4	131	18	145	5.05e-58	186
OG_49	VIMSS10179413	69.0	126	39	0	6	131	1	126	1.22e-57	185
OG_49	VIMSS5793846	65.7	134	46	0	3	136	2	135	3.44e-57	184
OG_49	WP_041080263.1	65.4	130	45	0	2	131	9	138	3.39e-54	176
OG_49	WP_008783180.1	65.4	130	45	0	2	131	9	138	4.79e-54	176
OG_49	VIMSS5548114	62.3	130	49	0	2	131	10	139	6.94e-54	176
OG_49	WP_041473656.1	64.6	130	46	0	2	131	9	138	1.35e-53	175
OG_122	VIMSS356315	86.8	76	10	0	1	76	1	76	1.67e-38	132
OG_122	WP_015605149.1	66.2	74	25	0	3	76	4	77	3.33e-27	103
OG_122	VIMSS923006	66.2	74	25	0	3	76	5	78	7.65e-26	99.8
OG_122	VIMSS360978	60.0	75	30	0	2	76	7	81	3.90e-25	98.2
OG_122	VIMSS64947	60.0	75	30	0	2	76	3	77	7.31e-25	97.4
OG_122	WP_178939141.1	60.0	75	30	0	2	76	7	81	1.07e-24	97.1
OG_122	WP_002263069.1	60.8	74	29	0	3	76	4	77	2.90e-24	95.5
OG_122	Q88WP5	60.0	75	30	0	2	76	7	81	2.81e-23	93.2
OG_122	VIMSS157518	64.4	73	26	0	4	76	6	78	7.06e-23	92.0
OG_122	VIMSS38270	54.7	75	34	0	2	76	6	80	1.12e-22	91.7
OG_122	VIMSS313773	59.7	72	29	0	5	76	10	81	5.27e-22	90.1
OG_122	VIMSS103445	57.5	73	31	0	4	76	8	80	5.70e-22	89.7
OG_122	VIMSS666586	57.5	73	31	0	4	76	8	80	7.96e-22	89.4
OG_122	A4VVZ3	58.1	74	31	0	3	76	4	77	1.24e-21	88.6
OG_122	VIMSS1867980	48.0	75	39	0	2	76	6	80	1.16e-18	80.9
OG_122	WP_003951268.1	47.3	74	39	0	3	76	9	82	1.20e-17	78.2
OG_122	XP_016685280.1	49.3	75	38	0	2	76	44	118	1.23e-17	79.0
OG_122	VIMSS3374429	48.6	72	37	0	5	76	12	83	4.63e-17	76.6
OG_122	VIMSS5777001	47.2	72	38	0	5	76	10	81	6.20e-15	70.9
OG_122	WP_208082925.1	45.8	72	39	0	5	76	10	81	1.19e-14	70.1
OG_122	XP_765972.1	43.8	80	40	1	2	76	34	113	1.91e-13	67.0
OG_122	VIMSS2205490	45.6	68	37	0	5	72	11	78	2.68e-13	66.2
OG_122	VIMSS151602	43.4	76	43	0	1	76	9	84	2.98e-13	66.2
OG_122	VIMSS349320	43.4	76	43	0	1	76	9	84	2.98e-13	66.2
OG_122	VIMSS271188	48.6	70	36	0	7	76	15	84	4.06e-13	65.9
OG_113	VIMSS356334	96.0	202	8	0	1	202	150	351	1.88e-126	384
OG_113	WP_002356902.1	95.0	202	10	0	1	202	150	351	1.02e-125	382
OG_110	WP_000195429.1	92.5	40	3	0	1	40	1	40	2.87e-16	73.2
OG_20	VIMSS356334	97.9	140	3	0	1	140	908	1047	1.01e-85	273
OG_20	WP_002356902.1	97.1	140	4	0	1	140	908	1047	3.77e-85	272
OG_61	WP_168722225.1	49.8	235	118	0	1	235	1	235	3.68e-75	231
OG_61	WP_230096628.1	49.4	235	119	0	1	235	1	235	7.39e-75	231
OG_61	WP_003640330.1	44.0	243	134	1	1	243	2	242	4.47e-63	201
OG_61	B7HYD4	41.6	238	126	5	4	235	6	236	1.47e-49	166
OG_61	Q8RB32	41.3	235	131	4	2	233	3	233	6.20e-49	164
OG_61	VIMSS157516	40.7	243	130	6	1	241	1	231	2.54e-48	162
OG_61	SwissProt::A0A8F4N283	38.6	241	138	5	1	235	1	237	1.46e-44	153
OG_61	BRENDA::P54527	37.4	246	145	4	1	241	1	242	2.75e-44	152
OG_61	WP_230096406.1	35.1	242	130	5	2	230	3	230	9.83e-42	146
OG_61	WP_205143630.1	36.2	235	139	5	1	230	2	230	1.42e-41	145
OG_61	WP_012095323.1	34.2	237	153	2	1	236	1	235	5.20e-41	144
OG_61	WP_168722415.1	34.8	233	143	5	2	230	3	230	1.54e-40	143
OG_61	VIMSS193180	34.6	237	142	5	4	233	24	254	1.88e-39	140
OG_61	VIMSS118069	34.5	232	146	4	5	233	8	236	2.73e-39	140
OG_61	WP_230098322.1	35.6	233	141	5	2	230	3	230	4.76e-39	139
OG_61	VIMSS314189	31.8	245	141	6	4	234	12	244	3.53e-32	121
OG_61	WP_002820844.1	33.2	229	136	3	2	230	6	217	6.15e-32	120
OG_61	WP_007408993.1	32.0	247	143	6	5	231	41	282	7.73e-31	119
OG_61	biolip::5t9cE	30.2	258	137	7	5	233	11	254	2.23e-29	114
OG_61	VIMSS13876	35.6	216	125	6	4	211	7	216	3.73e-29	113
OG_61	NP_388095.1	30.2	258	137	7	5	233	41	284	4.19e-29	114
OG_61	VIMSS661821	31.0	239	151	6	4	232	16	250	8.41e-29	113
OG_61	VIMSS54150	30.2	232	156	4	4	233	6	233	9.38e-29	112
OG_61	VIMSS8378	37.1	232	130	7	4	228	7	229	1.55e-28	112
OG_61	WP_011250348.1	38.0	166	87	3	4	169	9	158	1.70e-28	112
OG_78	VIMSS356341	95.9	171	7	0	1	171	1	171	3.61e-105	304
OG_78	VIMSS2061736	45.5	55	29	1	1	55	1	54	2.75e-04	44.3
OG_146	VIMSS356326	73.3	45	12	0	1	45	233	277	3.96e-14	67.4
OG_146	VIMSS112437	60.0	45	18	0	1	45	233	277	2.93e-11	59.3
OG_32	WP_002356893.1	98.4	63	1	0	1	63	1	63	2.73e-39	130
OG_32	VIMSS330212	73.0	63	17	0	1	63	4	66	8.92e-26	96.3
OG_32	WP_002820836.1	66.7	63	21	0	1	63	2	64	1.69e-24	93.2
OG_32	VIMSS5793847	65.1	63	22	0	1	63	3	65	1.38e-23	90.9
OG_32	VIMSS2280326	57.1	63	27	0	1	63	1	63	3.98e-22	87.0
OG_32	biolip::3rykA	55.6	63	28	0	1	63	2	64	2.76e-17	74.3
OG_32	BRENDA::O05369	58.7	63	25	1	1	63	1	62	8.38e-17	73.2
OG_32	VIMSS7022096	57.1	63	26	1	1	63	1	62	1.16e-16	72.8
OG_32	VIMSS7589635	57.8	64	25	2	1	63	1	63	1.94e-15	69.7
OG_32	VIMSS673229	53.8	65	27	2	1	63	1	64	1.13e-14	67.8
OG_32	VIMSS237002	53.1	64	28	2	1	63	1	63	2.36e-13	64.3
OG_32	biolip::7pviAAA	48.2	56	29	0	8	63	21	76	3.04e-13	64.3
OG_32	WP_038447389.1	53.6	69	25	3	1	63	1	68	1.40e-12	62.4
OG_32	VIMSS757219	46.9	64	32	2	1	63	1	63	1.05e-11	60.1
OG_32	VIMSS751001	46.9	64	32	2	1	63	1	63	1.05e-11	60.1
OG_32	VIMSS3633279	46.9	64	32	2	1	63	1	63	1.05e-11	60.1
OG_32	biolip::6ndrA	46.9	64	32	2	1	63	2	64	1.06e-11	60.1
OG_32	WP_172156300.1	41.9	62	36	0	1	62	1	62	7.74e-11	57.8
OG_32	WP_116702180.1	46.8	62	33	0	1	62	1	62	1.10e-10	57.4
OG_32	VIMSS1105742	47.7	65	30	3	1	63	1	63	2.07e-10	56.6
OG_32	VIMSS3728484	44.6	56	31	0	8	63	9	64	4.17e-10	55.8
OG_86	WP_002362119.1	98.3	237	4	0	1	237	1	237	1.67e-167	464
OG_86	WP_148761514.1	41.7	230	129	4	3	229	4	231	1.10e-55	181
OG_86	VIMSS7617562	39.8	236	133	6	1	232	1	231	3.09e-46	157
OG_86	CharProtDB::CH_107446	42.7	211	111	5	1	207	1	205	2.65e-45	155
OG_86	metacyc::MONOMER-21625	37.8	241	134	4	1	226	1	240	3.98e-39	139
OG_86	WP_013446899.1	33.2	232	137	6	2	225	3	224	1.73e-32	123
OG_86	VIMSS3635691	34.8	230	137	5	3	219	4	233	1.24e-31	121
OG_86	VIMSS2017265	34.7	219	129	6	2	206	6	224	4.46e-30	117
OG_86	VIMSS101149	32.9	231	137	5	2	221	3	226	2.46e-26	107
OG_86	VIMSS280495	31.2	221	135	6	2	206	4	223	7.04e-26	106
OG_86	VIMSS298254	31.5	216	132	5	2	206	3	213	1.91e-25	105
OG_86	metacyc::MONOMER-21611	30.4	217	139	4	2	206	3	219	4.08e-25	104
OG_86	VIMSS330208	28.0	214	142	5	2	205	5	216	9.33e-24	100
OG_86	VIMSS3790334	31.5	238	150	8	1	229	1	234	1.09e-23	100
OG_86	VIMSS7617563	34.2	243	132	9	2	220	7	245	7.62e-23	98.6
OG_86	metacyc::MONOMER-21522	32.1	234	148	6	1	226	8	238	3.83e-22	96.3
OG_86	metacyc::MONOMER-21530	32.1	234	148	6	1	226	8	238	5.31e-22	95.9
OG_86	WP_061869095.1	31.7	208	125	5	2	202	5	202	5.71e-22	95.9
OG_86	VIMSS3065341	28.8	215	142	4	2	206	7	220	9.47e-20	89.7
OG_86	VIMSS2061742	30.4	237	154	6	1	229	1	234	7.31e-19	87.4
OG_86	WP_014569859.1	28.8	233	146	7	4	224	8	232	2.42e-18	85.9
OG_86	ENA::AAB88895.1	30.6	216	124	7	2	205	3	204	1.80e-16	80.5
OG_86	VIMSS405406	27.4	219	134	4	2	207	8	214	4.94e-16	80.1
OG_86	WP_011368664.1	27.4	219	134	4	2	207	8	214	4.94e-16	80.1
OG_86	VIMSS356320	27.0	256	148	7	3	232	8	250	2.81e-14	74.7
OG_6	VIMSS356331	95.8	191	8	0	1	191	243	433	8.55e-126	364
OG_6	WP_002356908.1	95.3	191	9	0	1	191	243	433	6.95e-125	362
OG_6	WP_002362923.1	94.2	191	11	0	1	191	243	433	1.61e-123	358
OG_101	VIMSS356320	87.9	66	8	0	2	67	175	240	5.70e-35	123
OG_114	VIMSS356334	93.3	511	27	2	1	504	1	511	0.0	935
OG_114	WP_002356902.1	93.0	511	29	2	1	504	1	511	0.0	933
OG_134	WP_014525033.1	90.2	51	5	0	1	51	1	51	9.82e-19	80.9
OG_134	VIMSS356327	90.2	51	5	0	1	51	1	51	9.82e-19	80.9
OG_66	VIMSS356329	98.8	252	3	0	1	252	1	252	8.28e-180	497
OG_66	WP_002356910.1	98.4	252	4	0	1	252	1	252	1.18e-179	496
OG_66	VIMSS2034616	47.3	237	122	3	6	240	4	239	1.88e-63	202
OG_66	WP_003422862.1	43.2	241	136	1	1	240	1	241	9.63e-62	197
OG_66	VIMSS66242	39.8	246	145	3	5	248	10	254	1.15e-56	185
OG_66	VIMSS3375257	39.9	243	145	1	1	242	1	243	7.47e-56	182
OG_66	B5L396	40.1	237	140	2	5	240	7	242	1.56e-53	177
OG_66	metacyc::WBDN-MONOMER	37.0	238	149	1	1	238	1	237	1.44e-52	174
OG_66	VIMSS94314	36.6	238	150	1	1	238	1	237	1.14e-51	172
OG_66	WP_015378195.1	37.7	239	145	2	6	242	4	240	1.25e-50	169
OG_66	VIMSS7217	39.0	251	151	2	1	250	1	250	5.43e-50	167
OG_66	D8WNA7	35.2	250	154	4	1	242	1	250	2.87e-47	160
OG_66	SwissProt::B5L3F2	43.4	226	117	4	1	222	1	219	3.30e-46	158
OG_66	VIMSS10399287	42.9	224	121	4	1	222	1	219	2.91e-44	153
OG_66	Q8GMK1	37.1	237	144	5	3	235	7	242	2.61e-42	148
OG_66	VIMSS362628	33.0	218	135	5	2	211	4	218	2.99e-31	121
OG_66	VIMSS188474	37.2	191	112	3	1	185	1	189	3.52e-30	117
OG_66	WP_014410582.1	37.8	201	115	6	6	201	295	490	6.27e-30	121
OG_66	VIMSS117198	30.2	235	144	5	5	222	4	235	5.69e-28	112
OG_66	WP_014914727.1	33.3	210	134	4	5	210	6	213	3.41e-26	106
OG_66	VIMSS7623789	31.8	242	146	4	6	233	4	240	1.05e-25	106
OG_66	VIMSS165415	33.6	217	123	9	6	210	4	211	2.30e-25	105
OG_66	WP_010996446.1	31.9	213	137	5	5	210	7	218	7.03e-25	104
OG_66	VIMSS1100581	31.0	245	152	7	1	233	1	240	8.08e-25	103
OG_66	VIMSS61447	32.2	230	144	5	5	224	11	238	2.86e-24	102
OG_26	VIMSS356341	94.3	53	3	0	1	53	182	234	1.09e-27	102
OG_157	VIMSS356317	84.9	93	14	0	1	93	152	244	6.02e-48	164
OG_30	VIMSS356320	98.0	49	1	0	1	49	1	49	1.43e-24	95.5
OG_30	VIMSS3635691	59.5	42	17	0	8	49	4	45	4.05e-10	56.2
OG_30	VIMSS2061742	64.3	42	15	0	8	49	3	44	3.71e-09	53.5
OG_119	VIMSS356347	97.1	137	4	0	1	137	152	288	1.03e-88	263
OG_119	VIMSS4040678	78.4	134	29	0	1	134	152	285	1.66e-70	216
OG_119	WP_012000426.1	76.6	137	32	0	1	137	152	288	2.79e-69	213
OG_119	WP_002883992.1	75.9	137	33	0	1	137	152	288	3.95e-69	213
OG_119	VIMSS7781018	75.9	137	33	0	1	137	152	288	5.60e-69	213
OG_119	VIMSS7619322	74.4	133	34	0	5	137	55	187	1.14e-68	208
OG_119	ENA::AAC44969.1	74.5	137	35	0	1	137	152	288	3.20e-68	211
OG_119	VIMSS2017272	75.2	137	34	0	1	137	152	288	3.20e-68	211
OG_119	biolip::4ho9A	76.1	134	32	0	2	135	153	286	1.50e-67	209
OG_119	WP_011226150.1	73.7	137	36	0	1	137	152	288	1.83e-67	209
OG_119	metacyc::MONOMER-17004	76.9	134	31	0	2	135	153	286	4.16e-67	208
OG_119	WP_014569835.1	73.7	133	35	0	5	137	156	288	1.08e-66	207
OG_119	WP_012491798.1	73.7	133	35	0	5	137	156	288	4.34e-66	205
OG_119	VIMSS1868321	72.9	133	36	0	5	137	156	288	4.34e-66	205
OG_119	WP_000676145.1	73.0	137	37	0	1	137	152	288	8.45e-66	204
OG_119	P95778	74.8	135	34	0	3	137	154	288	2.40e-65	203
OG_119	VIMSS101271	73.0	137	37	0	1	137	152	288	1.94e-64	201
OG_119	WP_011669974.1	72.1	136	38	0	2	137	156	291	3.19e-64	201
OG_119	WP_038485802.1	75.2	133	33	0	2	134	161	293	5.22e-64	200
OG_119	WP_002826699.1	71.3	136	39	0	2	137	153	288	9.50e-63	197
OG_119	VIMSS3065018	71.3	136	39	0	2	137	153	288	9.50e-63	197
OG_119	WP_000857525.1	68.9	132	41	0	3	134	157	288	2.78e-62	196
OG_119	VIMSS587596	72.9	133	36	0	2	134	159	291	9.65e-62	194
OG_119	WP_003464341.1	69.6	135	41	0	3	137	154	288	1.06e-61	194
OG_119	VIMSS10381085	68.9	132	41	0	4	135	155	286	1.06e-61	194
OG_60	VIMSS356353	96.3	109	4	0	1	109	1	109	8.47e-75	225
OG_60	WP_002292891.1	79.8	109	22	0	1	109	1	109	9.54e-62	192
OG_60	VIMSS157933	56.9	109	47	0	1	109	1	109	1.15e-41	140
OG_60	VIMSS358884	47.7	109	57	0	1	109	1	109	6.75e-34	120
OG_60	WP_003617182.1	54.6	108	48	1	1	107	1	108	8.93e-34	121
OG_60	D0R383	50.9	108	52	1	1	107	1	108	1.23e-33	120
OG_60	VIMSS865265	52.8	108	50	1	1	107	1	108	1.77e-33	120
OG_60	WP_213475858.1	52.8	108	50	1	1	107	1	108	3.53e-33	119
OG_60	VIMSS2061018	44.6	139	47	2	1	109	1	139	1.35e-31	115
OG_60	VIMSS77420	42.1	140	50	2	1	109	1	140	1.44e-30	113
OG_60	B2IQ22	42.1	140	50	3	1	109	1	140	4.19e-30	112
OG_60	VIMSS133877	42.1	140	50	3	1	109	1	140	4.19e-30	112
OG_60	WP_011226395.1	40.7	140	52	2	1	109	1	140	5.90e-30	111
OG_60	VIMSS101605	40.0	140	53	3	1	109	1	140	1.27e-28	108
OG_60	VIMSS10395472	41.4	140	51	3	1	109	1	140	1.78e-28	107
OG_60	WP_003064052.1	40.7	140	52	3	1	109	1	140	2.51e-28	107
OG_60	VIMSS5698925	37.6	109	68	0	1	109	1	109	4.27e-25	98.2
OG_60	P19994	38.5	109	67	0	1	109	1	109	6.01e-25	97.8
OG_60	VIMSS357570	36.7	109	69	0	1	109	1	109	9.99e-23	92.0
OG_60	VIMSS26659	40.2	107	63	1	1	107	1	106	6.62e-21	87.4
OG_60	VIMSS1141041	37.1	105	66	0	2	106	34	138	4.50e-20	85.9
OG_60	Q72CF9	37.1	105	66	0	2	106	7	111	1.05e-19	84.3
OG_60	Q31KE3	35.5	107	68	1	2	107	26	132	3.75e-19	83.2
OG_60	VIMSS5769240	38.9	108	63	2	2	106	4	111	1.11e-18	81.6
OG_60	VIMSS5720956	35.5	107	67	2	2	106	3	109	1.17e-18	81.6
OG_88	VIMSS356350	98.8	260	3	0	1	260	3	262	5.83e-189	521
OG_88	WP_002359892.1	98.5	260	4	0	1	260	3	262	3.37e-188	519
OG_88	VIMSS10481768	30.6	258	166	7	6	256	8	259	1.76e-33	125
OG_88	VIMSS742639	34.2	202	130	2	59	258	74	274	3.64e-31	120
OG_88	VIMSS5607870	33.7	264	157	9	5	259	8	262	3.58e-29	115
OG_88	VIMSS562447	33.7	264	157	9	5	259	8	262	3.58e-29	115
OG_88	WP_039224669.1	35.4	195	123	2	66	258	86	279	2.52e-27	110
OG_88	M6S231	28.1	285	165	9	5	258	5	280	1.05e-23	100
OG_88	WP_071662433.1	28.1	196	137	3	63	257	73	265	1.58e-23	99.8
OG_88	VIMSS218815	27.6	232	150	4	5	229	6	226	2.27e-18	86.7
OG_88	WP_000262536.1	28.9	249	145	11	4	241	1	228	4.02e-13	71.2
OG_88	VIMSS1746407	27.3	205	142	3	28	228	22	223	6.41e-12	68.2
OG_88	CAZy::AAF04375.1	27.3	205	142	3	28	228	29	230	6.79e-12	68.2
OG_88	CAZy::AAF04376.1	26.8	205	143	3	28	228	29	230	7.99e-11	65.1
OG_88	P36667	28.1	249	148	11	4	241	1	229	1.14e-10	64.3
OG_88	VIMSS1936101	25.0	212	145	3	28	228	21	229	1.74e-09	61.2
OG_88	SwissProt::P9WMY3	25.0	212	145	3	28	228	27	235	1.80e-09	61.2
OG_88	VIMSS81544	29.9	147	96	3	84	228	94	235	3.66e-08	57.4
OG_97	VIMSS356324	97.7	352	8	0	1	352	1	352	1.94e-251	686
OG_97	WP_002378507.1	97.4	352	9	0	1	352	1	352	7.88e-251	685
OG_97	metacyc::MONOMER-17176	35.2	344	213	4	8	348	9	345	2.47e-65	214
OG_97	VIMSS339833	29.7	337	232	4	11	347	16	347	8.21e-51	176
OG_97	biolip::8v4hB	31.4	328	204	7	24	348	30	339	4.81e-47	166
OG_97	WP_013129429.1	23.7	321	226	9	30	345	3	309	4.94e-16	82.0
OG_97	ENA::AAA99939.1	25.3	249	171	6	30	274	3	240	1.89e-13	74.3
OG_97	VIMSS31883	24.2	256	162	7	30	274	3	237	1.54e-06	53.5
OG_97	XP_013326109.1	23.1	324	213	14	1	301	624	934	1.69e-06	54.3
OG_97	biolip::3a1nA	24.1	237	158	5	30	262	2	220	1.54e-04	47.4
OG_97	BRENDA::Q97BK3	24.1	237	158	5	30	262	2	220	1.55e-04	47.4
OG_97	BRENDA::A0A3G2K823	21.9	306	206	10	9	291	1	296	7.18e-04	45.4
OG_160	VIMSS356343	97.8	45	1	0	1	45	1	45	1.85e-23	90.9
OG_160	WP_002356896.1	97.8	45	1	0	1	45	1	45	1.85e-23	90.9
OG_160	VIMSS3592293	64.4	45	13	2	1	45	1	42	3.32e-09	53.1
OG_80	VIMSS356343	97.1	241	7	0	1	241	1	241	1.08e-165	460
OG_80	WP_002356896.1	96.7	241	8	0	1	241	1	241	4.40e-165	459
OG_80	VIMSS3592293	62.2	241	88	2	1	241	1	238	6.80e-99	291
OG_80	WP_000021473.1	48.5	237	116	2	2	238	11	241	1.78e-65	206
OG_80	WP_000021476.1	48.1	237	117	2	2	238	11	241	1.44e-64	204
OG_80	VIMSS101155	47.6	233	113	2	1	233	1	224	5.61e-59	189
OG_80	VIMSS5804371	40.6	234	118	7	4	233	6	222	1.18e-43	150
OG_80	WP_014040394.1	39.0	159	84	3	6	164	6	151	5.02e-26	104
OG_80	VIMSS188503	35.5	152	82	3	7	153	11	151	1.76e-19	89.0
OG_80	WP_009364599.1	30.6	206	126	5	6	204	13	208	2.43e-18	86.3
OG_80	SwissProt::C5CBV8	30.6	219	128	6	1	208	1	206	2.58e-17	82.0
OG_80	WP_036941943.1	32.5	169	99	5	2	165	10	168	1.93e-16	80.1
OG_80	VIMSS2100365	28.9	225	134	7	2	213	611	822	2.97e-16	81.6
OG_80	VIMSS241797	29.6	213	132	6	4	208	24	226	2.75e-15	77.4
OG_80	VIMSS612981	27.9	215	137	5	2	208	12	216	3.70e-15	76.6
OG_80	VIMSS3698634	29.1	172	101	3	6	171	20	176	1.20e-14	74.7
OG_80	VIMSS5916611	29.3	232	147	6	4	227	11	233	1.79e-14	74.7
OG_80	WP_011123928.1	29.5	166	98	4	7	165	8	161	1.56e-13	72.0
OG_80	VIMSS25613	28.4	229	140	9	6	227	5	216	2.79e-11	66.2
OG_80	WP_004916164.1	29.5	173	98	7	1	163	1	159	9.00e-11	63.9
OG_80	XP_008375452.1	25.9	232	148	7	5	224	9	228	8.12e-10	61.2
OG_80	WP_011011170.1	31.8	132	77	4	1	128	1	123	1.82e-08	58.2
OG_80	biolip::5mlzA	31.8	132	77	4	1	128	4	126	1.83e-08	58.2
OG_80	CAZy::AAC98796.1	23.2	228	157	6	5	223	12	230	6.49e-08	55.8
OG_80	VIMSS30016	25.5	235	153	10	1	227	1	221	6.51e-07	53.5
OG_52	VIMSS356352	97.1	69	2	0	1	69	96	164	2.94e-31	113
OG_52	VIMSS157930	32.8	67	45	0	1	67	97	163	1.44e-04	41.6
OG_127	WP_002362119.1	82.6	46	8	0	1	46	47	92	6.42e-20	81.6
OG_75	VIMSS356337	97.3	113	3	0	1	113	1	113	3.06e-62	188
OG_63	VIMSS356326	100	387	0	0	1	387	1	387	2.12e-283	770
OG_63	VIMSS112437	75.4	386	95	0	1	386	1	386	5.29e-216	600
OG_63	WP_038702803.1	65.6	387	133	0	1	387	1	387	3.30e-188	530
OG_63	P35881	52.3	386	184	0	1	386	1	386	9.78e-139	404
OG_63	WP_014621681.1	51.9	387	185	1	1	386	1	387	1.65e-137	401
OG_63	VIMSS275100	50.3	386	192	0	1	386	1	386	6.91e-134	392
OG_63	P35880	50.4	361	178	1	1	360	1	361	1.52e-127	375
OG_63	WP_014562705.1	48.3	391	197	3	1	386	1	391	3.37e-125	370
OG_63	WP_205841307.1	48.3	391	197	3	1	386	1	391	3.37e-125	370
OG_63	WP_114807077.1	48.1	391	198	3	1	386	1	391	7.74e-124	366
OG_63	VIMSS846360	33.2	352	232	3	17	365	30	381	4.35e-70	229
OG_63	VIMSS1180646	33.6	339	224	1	19	356	30	368	7.53e-70	228
OG_63	WP_001122813.1	32.4	358	236	3	16	371	26	379	4.09e-64	213
OG_63	VIMSS1801377	32.4	367	240	5	9	371	17	379	9.77e-63	210
OG_63	VIMSS3655775	33.2	349	224	5	16	360	55	398	4.92e-57	196
OG_63	VIMSS5924605	32.9	353	232	5	7	355	26	377	5.35e-57	195
OG_63	VIMSS1074310	32.9	353	232	5	7	355	26	377	4.08e-56	193
OG_63	P80011	30.4	368	244	6	7	365	6	370	1.97e-55	191
OG_63	VIMSS1074960	31.3	310	210	3	54	360	75	384	9.19e-55	189
OG_63	VIMSS879649	32.2	332	216	4	30	355	48	376	4.64e-54	187
OG_63	VIMSS876986	31.9	332	217	4	30	355	48	376	1.90e-52	183
OG_63	WP_090585016.1	30.8	377	239	5	5	360	17	392	2.06e-51	181
OG_63	WP_048340531.1	27.9	358	255	3	16	371	19	375	1.12e-50	178
OG_63	VIMSS369375	27.9	330	226	5	58	378	69	395	3.96e-41	153
OG_63	VIMSS369461	27.8	335	227	7	58	380	69	400	4.09e-38	145
OG_11	WP_002356902.1	97.4	155	4	0	1	155	1	155	6.15e-98	307
OG_11	VIMSS356334	97.4	155	4	0	1	155	1	155	6.15e-98	307
OG_126	VIMSS356333	81.4	59	11	0	1	59	215	273	8.85e-23	92.8
OG_126	WP_002364384.1	81.4	59	11	0	1	59	215	273	8.85e-23	92.8
OG_126	WP_002356902.1	54.2	59	27	0	1	59	589	647	5.66e-14	67.8
OG_126	VIMSS356334	52.5	59	28	0	1	59	589	647	7.74e-14	67.4
OG_126	VIMSS6365506	52.5	59	28	0	1	59	211	269	8.36e-12	61.6
OG_126	VIMSS334087	50.8	59	29	0	1	59	1060	1118	1.15e-11	61.2
OG_126	WP_095597216.1	50.8	59	29	0	1	59	308	366	4.00e-11	59.7
OG_126	VIMSS10133934	45.8	59	32	0	1	59	401	459	7.49e-11	58.9
OG_126	WP_057107652.1	49.2	59	30	0	1	59	308	366	1.40e-10	58.2
OG_126	VIMSS1206030	51.8	56	27	0	4	59	276	331	1.40e-10	58.2
OG_126	WP_032876151.1	52.2	46	22	0	14	59	52	97	3.07e-07	48.5
OG_126	WP_003242619.1	45.7	46	25	0	14	59	52	97	1.94e-05	43.5
OG_59	VIMSS356351	96.0	99	4	0	1	99	280	378	4.83e-52	170
OG_59	VIMSS2127422	51.8	85	41	0	2	86	313	397	6.01e-22	92.0
OG_59	WP_002286457.1	51.6	93	45	0	2	94	280	372	7.29e-20	85.9
OG_59	Q8E7L8	45.4	97	53	0	1	97	290	386	1.01e-18	82.8
OG_59	Q9A1G6	47.8	90	47	0	1	90	291	380	2.52e-17	79.0
OG_59	WP_021143485.1	46.7	90	48	0	1	90	289	378	3.42e-17	78.6
OG_59	VIMSS928366	46.7	90	48	0	1	90	289	378	4.39e-16	75.5
OG_59	VIMSS329843	52.1	71	34	0	2	72	279	349	9.12e-14	68.9
OG_31	VIMSS356332	94.7	246	13	0	2	247	411	656	1.47e-158	458
OG_31	WP_002383759.1	94.7	246	13	0	2	247	422	667	2.06e-158	458
OG_87	VIMSS356349	98.2	275	5	0	1	275	1	275	2.29e-193	533
OG_87	WP_002413364.1	96.4	275	10	0	1	275	1	275	4.24e-189	522
OG_133	WP_002356909.1	88.1	59	7	0	1	59	407	465	2.37e-27	105
OG_133	WP_002359907.1	74.6	59	15	0	1	59	407	465	1.56e-20	86.3
OG_133	VIMSS612097	70.7	41	12	0	1	41	406	446	2.89e-11	60.1
OG_133	WP_002289073.1	67.5	40	13	0	1	40	407	446	6.61e-10	56.2
OG_149	WP_002356902.1	74.4	90	23	0	1	90	602	691	2.94e-36	132
OG_149	VIMSS356334	73.3	90	24	0	1	90	602	691	4.01e-36	132
OG_149	VIMSS356333	44.4	90	50	0	1	90	228	317	4.12e-19	84.0
OG_149	WP_002364384.1	44.4	90	50	0	1	90	228	317	4.12e-19	84.0
OG_149	WP_227028673.1	40.0	90	54	0	1	90	259	348	1.20e-14	71.2
OG_149	WP_095597216.1	40.0	90	54	0	1	90	321	410	4.20e-14	69.7
OG_149	WP_057107652.1	37.8	90	56	0	1	90	321	410	5.09e-13	66.6
OG_149	WP_015087877.1	37.8	90	56	0	1	90	271	360	6.94e-13	66.2
OG_149	VIMSS6365506	37.8	90	56	0	1	90	224	313	2.41e-12	64.7
OG_149	VIMSS10133934	33.3	90	60	0	1	90	414	503	3.59e-10	58.5
OG_132	WP_002356909.1	100	60	0	0	1	60	151	210	1.93e-31	116
OG_132	WP_002359907.1	100	60	0	0	1	60	151	210	1.93e-31	116
OG_132	WP_005687210.1	43.9	57	32	0	4	60	154	210	1.29e-09	55.5
OG_8	VIMSS356331	94.8	116	6	0	1	116	1	116	8.87e-65	205
OG_8	WP_002362923.1	94.8	115	6	0	1	115	1	115	2.49e-64	204
OG_8	WP_002356908.1	94.0	116	7	0	1	116	1	116	2.49e-64	204
OG_29	VIMSS356320	94.3	157	9	0	1	157	1	157	2.55e-100	294
OG_29	VIMSS3635691	41.5	118	66	2	8	124	4	119	3.14e-21	91.3
OG_29	VIMSS2061742	50.0	94	46	1	8	101	3	95	1.16e-20	89.7
OG_29	VIMSS298247	41.7	132	57	4	9	124	6	133	5.47e-20	87.8
OG_29	WP_000241103.1	45.0	120	61	3	9	124	6	124	2.05e-19	86.3
OG_29	WP_148761514.1	37.3	118	68	3	8	124	4	116	9.14e-15	72.8
OG_29	VIMSS533275	29.9	117	77	2	1	115	1	114	1.37e-06	50.4
OG_62	VIMSS356317	99.6	491	2	0	1	491	113	603	0.0	934
OG_118	WP_002356894.1	94.6	92	5	0	1	92	100	191	6.69e-57	181
OG_118	VIMSS356345	94.6	92	5	0	1	92	100	191	6.69e-57	181
OG_118	WP_011285494.1	81.3	91	17	0	2	92	102	192	1.86e-48	160
OG_118	VIMSS2015454	81.3	91	17	0	2	92	102	192	1.86e-48	160
OG_118	WP_012000428.1	81.3	91	17	0	2	92	104	194	2.75e-48	159
OG_118	WP_002884100.1	81.3	91	17	0	2	92	104	194	2.75e-48	159
OG_118	WP_002947383.1	81.3	91	17	0	2	92	104	194	2.75e-48	159
OG_118	WP_000141499.1	81.3	91	17	0	2	92	104	194	2.82e-48	159
OG_118	ENA::AAC44971.1	81.3	91	17	0	2	92	104	194	2.82e-48	159
OG_118	biolip::1kerB	81.3	91	17	0	2	92	103	193	3.79e-48	159
OG_118	VIMSS7781015	81.3	91	17	0	2	92	104	194	3.88e-48	159
OG_118	WP_003002700.1	80.2	91	18	0	2	92	104	194	3.88e-48	159
OG_118	WP_024531966.1	80.2	91	18	0	2	92	104	194	1.09e-47	158
OG_118	VIMSS2125660	80.2	91	18	0	2	92	105	195	1.14e-47	158
OG_118	SwissProt::P95780	79.1	91	19	0	2	92	104	194	3.06e-47	157
OG_118	VIMSS5793846	75.0	92	23	0	1	92	99	190	6.40e-45	150
OG_118	WP_016386644.1	75.0	92	23	0	1	92	99	190	6.40e-45	150
OG_118	WP_014569852.1	75.0	92	23	0	1	92	99	190	9.03e-45	150
OG_118	SwissProt::A0QSK6	65.2	92	23	2	1	92	98	180	1.44e-33	121
OG_118	WP_041473656.1	66.7	90	21	2	3	92	109	189	1.83e-32	118
OG_118	WP_008783180.1	66.7	90	21	2	3	92	109	189	1.83e-32	118
OG_118	WP_041080263.1	66.7	90	21	2	3	92	109	189	1.83e-32	118
OG_118	VIMSS35238	59.8	92	28	1	1	92	98	180	3.07e-32	117
OG_118	WP_013389372.1	66.7	90	21	2	3	92	109	189	5.06e-32	117
OG_118	VIMSS538161	60.9	92	27	2	1	92	98	180	6.05e-32	117
OG_90	VIMSS356352	99.0	302	3	0	1	302	1	302	1.91e-194	538
OG_90	VIMSS157930	33.6	274	181	1	2	275	4	276	1.20e-43	154
OG_90	VIMSS37323	34.0	262	173	0	14	275	1	262	1.51e-40	145
OG_90	VIMSS357829	28.8	281	199	1	2	282	3	282	2.57e-31	122
OG_90	WP_078228296.1	34.0	247	160	2	32	275	29	275	6.73e-31	120
OG_90	VIMSS915697	32.2	242	162	2	38	277	89	330	3.14e-27	113
OG_90	VIMSS667315	30.0	240	167	1	38	277	95	333	4.61e-25	107
OG_90	VIMSS913420	30.0	240	167	1	38	277	95	333	4.31e-24	104
OG_90	VIMSS104016	30.0	240	167	1	38	277	95	333	4.31e-24	104
OG_98	VIMSS356325	98.3	234	4	0	1	234	1	234	4.43e-166	461
OG_98	metacyc::MONOMER-17174	47.0	230	117	4	3	229	3	230	2.90e-64	203
OG_98	VIMSS3790331	33.8	234	151	3	2	233	3	234	2.51e-40	142
OG_98	VIMSS276035	30.4	230	157	2	5	233	6	233	5.42e-32	120
OG_98	VIMSS330734	29.4	228	153	5	1	224	1	224	7.18e-26	104
OG_98	WP_003235520.1	29.6	233	158	4	1	229	1	231	1.10e-25	103
OG_98	metacyc::MONOMER-19969	29.6	233	158	4	1	229	1	231	2.16e-25	103
OG_98	Q8Y832	27.3	227	160	3	1	224	1	225	1.68e-23	98.2
OG_98	VIMSS313111	28.9	228	156	4	1	224	1	226	6.70e-23	96.7
OG_98	VIMSS663501	29.1	227	156	3	1	224	1	225	3.50e-22	94.7
OG_98	WP_000638475.1	27.2	228	160	4	1	224	1	226	2.65e-21	92.4
OG_98	VIMSS919985	26.1	234	167	4	1	230	1	232	3.70e-21	92.0
OG_98	VIMSS665548	26.8	228	161	4	1	224	1	226	1.40e-20	90.5
OG_98	biolip::6xhqA	27.5	229	160	4	6	230	6	232	5.21e-20	89.0
OG_98	VIMSS911714	27.5	229	160	4	6	230	6	232	5.31e-20	89.0
OG_98	SwissProt::Q48230	30.3	221	147	5	5	222	9	225	1.65e-19	90.5
OG_98	VIMSS2018025	29.5	237	154	7	1	229	1	232	7.21e-18	83.2
OG_98	SwissProt::Q48154	28.5	221	151	5	5	222	9	225	4.24e-17	83.6
OG_98	VIMSS1288709	25.4	209	151	3	19	224	6	212	2.22e-16	79.0
OG_98	biolip::2vsiB	28.8	236	151	7	1	229	2	227	1.67e-15	76.6
OG_98	A4D126	30.3	185	119	5	2	179	47	228	5.41e-15	77.4
OG_98	Q5RJG7	28.3	184	124	3	2	179	45	226	6.14e-14	74.3
OG_98	XP_011242209.2	28.3	184	124	3	2	179	45	226	6.52e-14	74.3
OG_98	NP_001094887.1	32.1	134	83	3	2	129	47	178	7.43e-14	73.9
OG_98	biolip::4cvhA	29.3	167	108	5	20	179	17	180	3.58e-10	63.2
OG_129	WP_002356900.1	96.1	76	3	0	1	76	189	264	1.66e-49	159
OG_129	VIMSS2725606	43.6	78	41	1	2	76	191	268	2.81e-17	76.6
OG_129	VIMSS3803685	44.3	79	39	2	2	76	188	265	3.90e-16	73.6
OG_129	P42953	40.0	80	41	1	4	76	196	275	1.65e-14	69.3
OG_129	WP_007614137.1	40.5	79	41	2	4	76	197	275	3.19e-14	68.6
OG_129	metacyc::MONOMER-19999	35.0	80	45	1	4	76	196	275	6.11e-13	65.1
OG_129	VIMSS663492	39.7	63	38	0	14	76	201	263	1.07e-12	64.3
OG_129	VIMSS157298	41.7	60	35	0	17	76	208	267	2.09e-11	60.8
OG_129	WP_038409749.1	41.7	60	35	0	17	76	208	267	2.09e-11	60.8
OG_129	WP_047172164.1	36.6	71	43	2	6	74	194	264	3.98e-11	60.1
OG_129	VIMSS267944	36.8	76	44	1	5	76	193	268	4.83e-08	51.6
OG_53	VIMSS356321	100	37	0	0	1	37	238	274	1.97e-20	83.2
OG_77	WP_000195429.1	99.0	390	4	0	1	390	1	390	3.38e-278	757
OG_77	WP_002296840.1	58.1	391	162	2	1	389	1	391	2.60e-155	446
OG_77	WP_023483236.1	43.6	388	215	3	1	387	1	385	6.75e-105	318
OG_77	WP_048340531.1	38.7	388	232	5	1	387	1	383	1.82e-87	274
OG_77	VIMSS131375	40.1	367	215	4	24	389	22	384	1.60e-83	263
OG_77	VIMSS121854	40.3	340	199	3	24	362	22	358	3.41e-76	245
OG_77	VIMSS2229244	37.4	358	220	3	32	387	44	399	8.66e-74	239
OG_77	VIMSS534785	37.4	366	225	3	24	387	22	385	2.39e-73	238
OG_77	VIMSS1227158	41.9	322	182	4	67	387	65	382	3.22e-73	237
OG_77	VIMSS2232065	37.4	366	225	3	24	387	36	399	3.51e-73	238
OG_77	VIMSS536086	37.4	366	225	3	24	387	22	385	4.75e-73	237
OG_77	WP_033722227.1	37.2	358	221	3	32	387	30	385	6.52e-73	236
OG_77	VIMSS35414	36.5	367	228	5	24	387	22	386	1.68e-69	228
OG_77	WP_017682404.1	36.7	365	226	4	25	387	23	384	5.51e-69	226
OG_77	VIMSS844512	37.3	362	223	4	24	383	24	383	2.82e-68	224
OG_77	WP_087534779.1	34.5	385	246	6	6	389	1	380	1.51e-67	222
OG_77	VIMSS4212643	33.2	376	245	5	14	387	10	381	7.90e-67	220
OG_77	WP_009882371.1	34.0	374	235	5	24	387	25	396	1.52e-63	213
OG_77	VIMSS541470	34.8	391	249	5	1	389	1	387	2.38e-63	212
OG_77	VIMSS2100835	34.8	391	249	5	1	389	1	387	2.38e-63	212
OG_77	P24575	34.2	371	233	7	24	389	23	387	2.71e-57	195
OG_77	VIMSS1748734	35.1	333	209	5	1	331	1	328	3.14e-56	192
OG_77	VIMSS2230719	42.7	232	132	1	32	262	44	275	9.65e-55	186
OG_77	P35881	31.0	355	234	7	23	373	19	366	1.07e-52	183
OG_77	WP_014621681.1	30.1	355	237	7	23	373	19	366	1.72e-50	177
OG_27	WP_002356898.1	91.9	37	3	0	1	37	1	37	5.02e-15	65.9
OG_27	VIMSS356342	91.9	37	3	0	1	37	1	37	5.65e-15	65.9
OG_34	VIMSS356326	82.8	64	11	0	1	64	1	64	2.10e-28	107
OG_34	VIMSS112437	70.3	64	19	0	1	64	1	64	4.32e-24	95.9
OG_34	WP_038702803.1	57.8	64	27	0	1	64	1	64	2.33e-17	77.4
OG_116	WP_002383748.1	95.7	92	4	0	1	92	233	324	3.02e-54	174
OG_116	WP_002356922.1	93.0	86	6	0	1	86	230	315	6.35e-49	160
OG_116	WP_002289372.1	57.8	83	35	0	3	85	232	314	3.47e-26	101
OG_116	VIMSS260316	41.0	83	48	1	3	85	228	309	3.35e-16	75.1
OG_116	VIMSS911592	41.0	83	48	1	3	85	228	309	3.35e-16	75.1
OG_116	VIMSS1288583	41.0	83	48	1	3	85	231	312	3.42e-16	75.1
OG_116	WP_035437030.1	34.4	90	55	2	3	92	228	313	4.76e-11	60.8
OG_116	WP_114807199.1	34.4	90	55	2	3	92	228	313	6.55e-11	60.5
OG_116	metacyc::MONOMER-18134	35.7	70	44	1	13	81	230	299	1.94e-08	53.5
OG_116	VIMSS10160514	34.2	76	49	1	11	85	231	306	2.18e-06	47.8
OG_42	VIMSS356343	95.1	102	5	0	1	102	1	102	2.77e-61	190
OG_42	WP_002356896.1	94.1	102	6	0	1	102	1	102	1.12e-60	188
OG_42	VIMSS3592293	71.6	102	26	2	1	102	1	99	9.64e-41	137
OG_42	WP_000021476.1	53.6	97	41	1	2	98	11	103	1.76e-23	93.6
OG_42	WP_000021473.1	53.6	97	41	1	2	98	11	103	4.89e-23	92.4
OG_42	VIMSS101155	53.1	98	39	1	1	98	1	91	3.06e-22	90.1
OG_42	VIMSS5804371	49.5	95	41	2	4	98	6	93	9.65e-20	83.6
OG_42	WP_014040394.1	39.4	99	51	1	1	99	1	90	1.71e-14	69.7
OG_42	SwissProt::C5CBV8	34.0	103	56	2	1	98	1	96	4.08e-08	52.8
OG_42	WP_009364599.1	57.6	33	14	0	67	99	69	101	3.32e-04	42.0
OG_42	VIMSS2018317	32.6	89	52	3	1	84	1	86	6.13e-04	41.2
OG_42	VIMSS134343	32.6	89	52	3	1	84	47	132	6.27e-04	41.2
OG_93	VIMSS356320	98.1	323	6	0	1	323	1	323	2.99e-229	628
OG_93	VIMSS3635691	44.9	118	62	2	8	124	4	119	7.03e-22	97.8
OG_93	VIMSS298246	31.5	222	137	6	9	223	6	219	4.17e-20	92.8
OG_93	VIMSS298247	51.0	102	46	2	9	107	6	106	5.43e-20	92.4
OG_93	VIMSS2061742	41.3	126	72	2	8	133	3	126	1.14e-19	91.7
OG_93	WP_000241103.1	46.7	120	59	3	9	124	6	124	1.41e-19	91.3
OG_93	metacyc::MONOMER-21611	31.7	218	135	6	9	219	5	215	4.76e-15	78.6
OG_93	VIMSS101149	38.3	120	73	1	9	128	5	123	2.76e-14	76.3
OG_93	WP_001327595.1	35.7	157	89	5	3	154	2	151	1.29e-13	74.3
OG_93	WP_002362119.1	27.4	226	126	7	8	220	3	203	3.43e-13	72.0
OG_93	VIMSS298254	38.1	126	65	4	9	128	5	123	4.44e-13	72.8
OG_93	VIMSS3065341	40.0	105	52	4	9	107	9	108	3.01e-11	67.4
OG_93	VIMSS7617562	27.9	222	129	8	8	219	3	203	8.31e-11	65.1
OG_93	VIMSS297245	30.5	164	98	5	3	160	5	158	1.70e-10	65.1
OG_93	WP_014569859.1	24.7	223	146	8	9	223	8	216	4.75e-09	60.8
OG_93	VIMSS533275	32.7	110	69	2	8	115	8	114	2.29e-07	55.5
OG_93	biolip::5tzeC	41.1	95	49	4	8	99	4	94	2.55e-06	52.8
OG_93	VIMSS102520	41.1	95	49	4	8	99	5	95	3.54e-06	52.8
OG_93	VIMSS911717	41.1	95	49	4	8	99	4	94	3.54e-06	52.8
OG_93	SwissProt::A0A0H3JVA1	41.1	95	49	4	8	99	5	95	3.54e-06	52.8
OG_93	VIMSS1288717	41.1	95	49	4	8	99	5	95	3.54e-06	52.8
OG_93	WP_000975347.1	41.1	95	49	4	8	99	5	95	3.54e-06	52.8
OG_93	metacyc::MONOMER-21530	22.8	311	208	11	9	303	11	305	5.42e-06	51.6
OG_93	WP_236762278.1	29.9	127	85	3	6	132	3	125	9.28e-06	50.8
OG_93	WP_003242619.1	29.7	145	92	2	8	145	9	150	1.27e-05	50.1
OG_81	WP_002379616.1	98.1	216	4	0	1	216	1	216	8.32e-152	426
OG_81	VIMSS356344	98.1	216	4	0	1	216	20	235	1.64e-151	426
OG_81	WP_002356895.1	97.7	216	5	0	1	216	1	216	6.83e-151	423
OG_81	VIMSS1868318	63.3	215	78	1	2	216	3	216	4.08e-96	285
OG_81	WP_011476435.1	60.9	215	84	0	2	216	3	217	3.38e-92	275
OG_81	VIMSS7781014	62.0	213	80	1	1	212	1	213	9.25e-91	271
OG_81	WP_014621820.1	60.6	213	83	1	1	212	1	213	3.04e-89	267
OG_81	VIMSS77007	64.3	213	75	1	1	212	1	213	3.60e-89	268
OG_81	VIMSS133208	59.6	213	85	1	1	212	1	213	8.68e-89	266
OG_81	WP_000600901.1	59.6	213	85	1	1	212	1	213	1.23e-88	266
OG_81	VIMSS2125661	63.4	213	77	1	1	212	1	213	5.88e-88	265
OG_81	VIMSS3789333	60.1	213	84	1	1	212	1	213	4.05e-87	262
OG_81	WP_014713146.1	59.2	213	86	1	1	212	1	213	5.74e-87	261
OG_81	WP_255262719.1	58.2	213	88	1	1	212	2	214	2.47e-86	260
OG_81	VIMSS922883	58.2	213	88	1	1	212	1	213	3.40e-86	259
OG_81	VIMSS330214	60.0	215	85	1	2	216	4	217	8.51e-86	258
OG_81	WP_000600895.1	59.2	213	86	1	1	212	1	213	7.87e-85	256
OG_81	VIMSS298256	58.7	213	87	1	1	212	1	213	3.18e-84	254
OG_81	VIMSS3065023	52.8	214	100	1	3	216	14	226	7.98e-76	233
OG_81	VIMSS4040681	51.2	215	104	1	2	216	3	216	2.11e-70	219
OG_81	VIMSS21753	47.0	215	108	5	2	216	3	211	5.71e-58	187
OG_81	VIMSS11033791	46.8	216	109	5	2	216	3	213	4.57e-57	185
OG_81	WP_013295192.1	47.0	215	108	4	2	216	3	211	1.45e-56	184
OG_81	VIMSS4258742	45.2	210	113	2	3	212	4	211	6.19e-55	180
OG_81	biolip::3sc6D	44.7	215	116	3	2	216	7	218	1.27e-54	179
OG_140	VIMSS356333	85.5	83	12	0	1	83	235	317	2.26e-38	138
OG_140	WP_002364384.1	85.5	83	12	0	1	83	235	317	2.26e-38	138
OG_140	WP_002356902.1	56.6	83	36	0	1	83	609	691	1.31e-22	93.6
OG_140	VIMSS356334	55.4	83	37	0	1	83	609	691	1.79e-22	93.2
OG_140	VIMSS334087	58.5	82	34	0	2	83	1081	1162	1.81e-22	93.2
OG_140	VIMSS1206030	56.8	81	35	0	2	82	294	374	1.57e-21	90.5
OG_140	WP_058463750.1	54.9	82	37	0	2	83	190	271	3.97e-21	89.4
OG_140	VIMSS6365506	54.9	82	37	0	2	83	232	313	1.89e-20	87.4
OG_140	WP_227028673.1	51.2	82	40	0	2	83	267	348	3.53e-20	86.7
OG_140	WP_060708698.1	52.4	82	39	0	2	83	209	290	6.55e-20	85.9
OG_140	WP_149113283.1	53.7	82	38	0	2	83	244	325	1.69e-19	84.7
OG_140	WP_015087877.1	50.0	82	41	0	2	83	279	360	7.95e-19	82.8
OG_140	WP_015452749.1	53.0	83	39	0	1	83	122	204	2.01e-18	81.6
OG_140	WP_095597216.1	50.0	82	41	0	2	83	329	410	5.54e-16	74.7
OG_140	VIMSS10133934	48.8	82	42	0	2	83	422	503	1.04e-15	73.9
OG_140	WP_057107652.1	48.8	82	42	0	2	83	329	410	2.64e-15	72.8
OG_140	WP_004844496.1	48.2	83	42	1	2	83	339	421	4.92e-15	72.0
OG_140	WP_014200380.1	37.8	82	50	1	2	83	355	435	1.30e-09	56.6
OG_140	VIMSS1756022	37.8	82	51	0	2	83	375	456	1.32e-09	56.6
OG_22	VIMSS356334	81.4	59	11	0	1	59	255	313	1.07e-21	89.7
OG_22	WP_002356902.1	79.7	59	12	0	1	59	255	313	1.47e-21	89.4
OG_147	VIMSS356332	92.3	26	2	0	27	52	615	640	4.93e-10	56.2
OG_147	WP_002383759.1	92.3	26	2	0	27	52	626	651	4.93e-10	56.2
OG_17	VIMSS356322	83.7	86	14	0	1	86	158	243	7.24e-39	137
OG_164	VIMSS356327	85.2	54	8	0	1	54	344	397	6.68e-25	98.6
OG_164	WP_014525033.1	77.8	54	12	0	1	54	344	397	1.33e-22	92.0
OG_143	VIMSS2092768	33.8	77	46	2	5	79	85	158	2.39e-06	46.2
OG_91	VIMSS356353	97.6	254	6	0	1	254	1	254	2.30e-187	516
OG_91	WP_002292891.1	85.4	254	37	0	1	254	1	254	1.24e-166	464
OG_91	VIMSS157933	65.2	250	87	0	1	250	1	250	8.04e-121	348
OG_91	VIMSS2061018	55.8	285	95	3	1	254	1	285	5.15e-108	317
OG_91	WP_011226395.1	54.5	286	98	3	1	254	1	286	2.16e-107	315
OG_91	VIMSS10395472	54.9	286	97	4	1	254	1	286	1.24e-106	313
OG_91	WP_003064052.1	54.5	286	98	4	1	254	1	286	1.76e-106	313
OG_91	VIMSS77420	54.5	286	96	4	1	254	1	284	9.45e-106	311
OG_91	VIMSS133877	54.5	286	98	4	1	254	1	286	5.81e-105	309
OG_91	B2IQ22	54.2	286	99	4	1	254	1	286	8.24e-105	308
OG_91	VIMSS101605	53.1	286	102	4	1	254	1	286	3.34e-104	307
OG_91	VIMSS358884	53.7	246	114	0	1	246	1	246	2.09e-96	286
OG_91	D0R383	54.9	257	107	5	1	248	1	257	2.33e-94	281
OG_91	WP_003617182.1	56.4	257	103	5	1	248	1	257	2.40e-94	281
OG_91	VIMSS865265	55.6	257	105	5	1	248	1	257	6.43e-92	275
OG_91	WP_213475858.1	55.3	257	106	5	1	248	1	257	1.83e-91	274
OG_91	VIMSS5698925	45.7	247	134	0	1	247	1	247	2.04e-79	243
OG_91	P19994	45.5	246	134	0	1	246	1	246	2.34e-78	240
OG_91	P53579	47.6	246	128	1	2	246	5	250	1.11e-77	238
OG_91	VIMSS357570	43.7	247	139	0	1	247	1	247	3.81e-77	237
OG_91	P69000	43.7	247	138	1	1	246	1	247	2.16e-74	230
OG_91	VIMSS194683	42.7	253	139	3	1	248	1	252	3.98e-73	227
OG_91	VIMSS60107	40.6	251	148	1	2	251	3	253	3.41e-68	214
OG_91	biolip::4fo8C	40.6	251	148	1	2	251	2	252	3.98e-68	214
OG_91	VIMSS1141041	43.5	253	143	0	2	254	34	286	9.05e-68	214
OG_135	VIMSS356322	91.2	57	5	0	1	57	411	467	2.79e-25	99.4
OG_136	VIMSS356326	94.2	69	4	0	1	69	1	69	1.24e-37	132
OG_136	VIMSS112437	79.7	69	14	0	1	69	1	69	4.90e-31	114
OG_136	WP_038702803.1	68.1	69	22	0	1	69	1	69	5.22e-25	98.6
OG_136	P35881	53.6	69	32	0	1	69	1	69	5.74e-18	79.3
OG_136	WP_014621681.1	53.6	69	32	0	1	69	1	69	7.94e-18	79.0
OG_136	VIMSS275100	53.6	69	32	0	1	69	1	69	1.09e-17	78.6
OG_36	WP_014525033.1	95.0	160	8	0	1	160	138	297	4.57e-94	293
OG_36	VIMSS356327	95.0	160	8	0	1	160	138	297	1.75e-93	293
OG_36	WP_002263335.1	53.2	126	56	1	29	154	775	897	1.39e-33	128
OG_36	CAZy::BAF03559.1	53.2	126	56	1	29	154	775	897	1.39e-33	128
OG_36	VIMSS10396070	50.8	130	62	1	29	158	786	913	6.79e-31	120
OG_36	WP_014620169.1	50.8	130	62	1	29	158	788	915	6.80e-31	120
OG_36	WP_009854465.1	50.8	130	62	1	29	158	788	915	6.80e-31	120
OG_36	WP_013852013.1	51.5	130	60	2	29	158	786	912	2.34e-30	119
OG_36	CAZy::BAH11115.1	45.4	130	68	1	29	158	653	779	2.48e-26	107
OG_36	WP_021002875.1	44.6	130	69	1	29	158	136	262	1.21e-25	105
OG_36	WP_012490861.1	34.8	164	101	2	1	161	86	246	3.28e-19	87.4
OG_36	S2NSV8	34.8	164	101	2	1	161	86	246	8.30e-19	86.3
OG_83	VIMSS356319	98.1	468	9	0	1	468	1	468	2.36e-312	850
OG_83	VIMSS3790329	41.7	460	267	1	1	460	1	459	4.81e-105	324
OG_83	WP_014638249.1	41.4	447	261	1	6	452	2	447	1.13e-104	323
OG_83	WP_001092840.1	40.7	460	272	1	1	460	1	459	6.80e-103	318
OG_131	VIMSS2060804	66.2	71	24	0	1	71	1	71	1.14e-24	92.8
OG_131	VIMSS5935889	67.6	71	23	0	1	71	1	71	3.51e-24	91.7
OG_131	VIMSS116760	64.8	71	25	0	1	71	1	71	2.70e-23	89.4
OG_131	biolip::5ljiA	65.2	69	24	0	3	71	2	70	1.03e-22	87.8
OG_131	VIMSS1789848	62.0	71	27	0	1	71	1	71	8.76e-22	85.5
OG_131	WP_002263152.1	62.0	71	27	0	1	71	1	71	2.49e-21	84.3
OG_131	WP_012775265.1	58.1	74	28	1	1	71	1	74	7.43e-19	78.2
OG_131	VIMSS356694	53.5	71	33	0	1	71	1	71	1.16e-17	75.1
OG_131	WP_002382673.1	53.5	71	33	0	1	71	3	73	1.21e-17	75.1
OG_131	WP_003564526.1	52.7	74	32	1	1	71	1	74	5.33e-16	70.9
OG_131	VIMSS331527	46.5	71	38	0	1	71	1	71	1.90e-15	69.3
OG_131	VIMSS5816674	45.1	71	39	0	1	71	1	71	2.12e-11	58.9
OG_131	biolip::6gaqA	36.4	66	42	0	6	71	5	70	1.16e-05	43.9
OG_131	WP_001062752.1	36.4	66	42	0	6	71	6	71	1.17e-05	43.9
OG_131	VIMSS635745	36.4	66	42	0	6	71	6	71	1.17e-05	43.9
OG_131	VIMSS360812	36.4	66	42	0	6	71	13	78	1.28e-05	43.9
OG_131	O34589	39.4	71	40	2	3	70	1	71	2.41e-05	43.1
OG_131	WP_048370582.1	35.8	67	42	1	6	71	6	72	1.24e-04	41.2
OG_131	biolip::6fsgA	34.3	67	43	1	6	71	5	71	4.65e-04	39.7
OG_131	WP_000041153.1	34.3	67	43	1	6	71	6	72	4.69e-04	39.7
OG_131	B7HK99	34.3	67	43	1	6	71	6	72	4.69e-04	39.7
OG_139	WP_002383759.1	74.5	47	12	0	1	47	294	340	8.51e-14	66.6
OG_139	VIMSS356332	74.5	47	12	0	1	47	283	329	8.51e-14	66.6
OG_33	VIMSS356322	92.1	253	20	0	9	261	1	253	3.41e-155	443
OG_33	WP_002391475.1	34.3	242	153	4	20	256	15	255	1.61e-37	140
OG_128	VIMSS356333	92.4	105	8	0	1	105	109	213	8.38e-60	197
OG_128	WP_002364384.1	92.4	105	8	0	1	105	109	213	8.38e-60	197
OG_128	WP_002356902.1	64.0	50	18	0	56	105	538	587	6.23e-15	72.8
OG_128	VIMSS356334	64.0	50	18	0	56	105	538	587	6.23e-15	72.8
OG_128	VIMSS10456681	64.7	34	11	1	72	105	2	34	4.12e-05	44.7
OG_128	VIMSS47013	48.5	33	16	1	73	105	3	34	1.47e-04	43.1
OG_128	WP_013244698.1	47.1	34	17	1	72	105	2	34	2.71e-04	42.4
OG_128	VIMSS157314	48.6	35	17	1	71	105	2	35	3.62e-04	42.0
OG_128	VIMSS117204	57.6	33	13	1	73	105	6	37	5.42e-04	41.6
OG_128	VIMSS2127793	55.9	34	14	1	72	105	2	34	6.92e-04	40.8
OG_128	VIMSS47015	46.9	32	16	1	74	105	4	34	6.94e-04	41.2
OG_128	VIMSS6365506	36.5	63	37	2	46	105	147	209	7.41e-04	41.2
OG_128	Q832Q0	61.8	34	12	1	72	105	2	34	9.20e-04	40.8
OG_102	VIMSS356334	93.4	61	4	0	1	61	987	1047	3.56e-30	114
OG_102	WP_002356902.1	91.8	61	5	0	1	61	987	1047	1.23e-29	112
