OG_153	VFG026307(gb|WP_011544653)	59.5	42	17	0	6	47	321	362	5.40e-11	54.7
OG_112	VFG026307(gb|WP_011544653)	43.3	90	45	2	147	230	123	212	7.50e-14	70.1
OG_112	VFG001937(gb|YP_002344529)	52.3	44	20	1	181	224	3	45	5.25e-09	55.5
OG_112	VFG001939(gb|YP_002344531)	51.2	43	20	1	182	224	4	45	2.32e-08	53.5
OG_112	VFG005971(gb|YP_001197939)	54.5	44	19	1	181	224	3	45	5.11e-08	52.4
OG_112	VFG001968(gb|YP_002344823)	48.8	43	21	1	182	224	4	45	2.55e-07	50.4
OG_112	VFG006083(gb|WP_011681443)	42.9	49	27	1	180	228	4	51	5.40e-07	49.3
OG_112	VFG001341(gb|WP_000362087)	50.0	44	21	1	181	224	3	45	3.18e-06	47.0
OG_112	VFG017990(gb|WP_012006776)	42.2	45	25	1	181	225	5	48	1.67e-05	45.1
OG_72	VFG049050(gb|WP_015958690)	46.5	241	119	2	2	234	4	242	5.43e-69	224
OG_72	VFG026227(gb|WP_004538663)	44.9	247	122	2	5	238	7	252	1.40e-64	213
OG_72	VFG049076(gb|WP_004852439)	39.3	244	144	1	3	242	2	245	1.11e-63	204
OG_72	VFG049077(gb|WP_014230053)	39.3	244	144	1	3	242	2	245	1.11e-63	204
OG_72	VFG049080(gb|YP_005227849)	37.6	242	147	1	5	242	4	245	6.88e-62	199
OG_72	VFG049084(gb|WP_004175264)	37.6	242	147	1	5	242	4	245	6.88e-62	199
OG_72	VFG049059(gb|WP_020956643)	42.6	258	144	1	5	262	2	255	9.68e-62	205
OG_72	VFG049041(gb|WP_002912371)	37.6	242	147	1	5	242	4	245	9.70e-62	199
OG_72	VFG049057(gb|WP_012541096)	43.6	234	132	0	5	238	2	235	2.86e-60	201
OG_72	VFG045320(gb|WP_010946510)	43.7	215	107	2	36	238	73	285	4.86e-56	191
OG_72	VFG002181(gb|WP_002387127)	37.1	240	149	2	3	242	18	255	4.84e-48	169
OG_72	VFG011190(gb|WP_003807078)	39.7	189	114	0	41	229	43	231	6.10e-44	157
OG_72	VFG002228(gb|WP_002963677)	33.3	201	134	0	42	242	48	248	1.71e-37	136
OG_72	VFG011493(gb|WP_006189961)	33.3	201	134	0	42	242	48	248	1.71e-37	136
OG_72	VFG019310(gb|WP_004686562)	33.3	201	134	0	42	242	48	248	1.71e-37	136
OG_72	VFG011491(gb|WP_002966711)	32.8	201	135	0	42	242	48	248	2.45e-36	133
OG_72	VFG026219(gb|WP_011544657)	35.8	193	119	3	41	233	19	206	5.83e-32	120
OG_72	VFG050168(gb|WP_000590258)	33.3	192	125	3	52	242	30	219	1.14e-27	108
OG_72	VFG026221(gb|WP_006484936)	33.5	191	122	3	43	233	23	208	5.52e-27	107
OG_72	VFG008680(gb|WP_015309619)	21.7	207	137	2	41	229	21	220	4.37e-12	66.6
OG_72	VFG022453(gb|WP_012393578)	23.1	208	148	2	33	229	14	220	7.85e-12	65.9
OG_72	VFG007912(gb|WP_011740072)	23.1	208	148	2	33	229	14	220	1.41e-11	65.1
OG_72	VFG008825(gb|WP_015355163)	23.1	208	148	2	33	229	14	220	1.41e-11	65.1
OG_72	VFG007911(gb|WP_010908851)	23.1	212	138	2	41	234	23	227	4.51e-11	63.5
OG_67	VFG046622(gb|WP_012280805)	33.6	369	223	7	90	446	87	445	2.69e-53	185
OG_67	VFG046630(gb|WP_044247433)	32.1	343	221	4	101	437	99	435	1.93e-52	183
OG_67	VFG046621(gb|WP_003039944)	32.1	343	221	4	101	437	99	435	3.81e-51	179
OG_67	VFG046633(gb|WP_043024564)	32.1	343	221	4	101	437	99	435	3.81e-51	179
OG_67	VFG046626(gb|WP_012429568)	32.4	343	220	4	101	437	99	435	1.43e-50	178
OG_67	VFG046623(gb|WP_003025498)	32.4	343	220	4	101	437	99	435	2.77e-50	177
OG_67	VFG046624(gb|WP_003016722)	32.4	343	220	4	101	437	99	435	2.77e-50	177
OG_67	VFG046637(gb|WP_041263711)	32.0	384	239	7	90	461	86	459	2.77e-50	177
OG_67	VFG046628(gb|WP_003020689)	32.1	343	221	4	101	437	99	435	1.04e-49	176
OG_67	VFG047304(gb|WP_003040376)	42.2	192	103	4	252	441	10	195	1.49e-38	139
OG_67	VFG012067(gb|WP_002853498)	45.9	185	92	5	250	433	3	180	3.21e-38	137
OG_67	VFG012065(gb|YP_002344517)	45.9	185	92	5	250	433	3	180	6.23e-38	137
OG_67	VFG048841(gb|WP_014907232)	34.5	267	163	4	175	430	192	457	1.55e-37	142
OG_67	VFG012066(gb|WP_002867208)	45.4	185	93	5	250	433	3	180	1.68e-37	135
OG_67	VFG016399(gb|WP_001257886)	42.4	198	106	4	252	447	12	203	3.85e-37	135
OG_67	VFG017835(gb|WP_011989880)	44.3	185	95	5	250	433	3	180	1.71e-36	133
OG_67	VFG037974(gb|WP_000919783)	40.8	191	105	3	253	441	2	186	5.13e-36	132
OG_67	VFG048957(gb|WP_012541089)	42.3	182	99	2	254	430	275	455	9.50e-36	137
OG_67	VFG012068(gb|WP_002850222)	42.9	198	105	4	252	447	5	196	2.46e-35	130
OG_67	VFG007668(gb|WP_011082429)	36.4	253	152	4	185	430	206	456	3.43e-35	136
OG_67	VFG007669(gb|WP_011151787)	36.4	253	152	4	185	430	206	456	4.70e-35	135
OG_67	VFG038020(gb|WP_000595803)	41.9	191	103	4	253	441	2	186	5.15e-35	129
OG_67	VFG007667(gb|WP_005478391)	36.5	255	149	5	185	430	206	456	6.46e-35	135
OG_67	VFG048839(gb|WP_041937831)	43.6	179	95	2	254	427	275	452	8.04e-35	135
OG_67	VFG048942(gb|WP_012967595)	35.6	261	143	7	185	430	205	455	1.20e-34	134
OG_82	VFG006022(gb|WP_002947383)	79.8	337	68	0	2	338	5	341	4.54e-207	570
OG_82	VFG018666(gb|WP_012000428)	79.8	337	68	0	2	338	5	341	2.62e-206	568
OG_82	VFG005862(gb|WP_009659423)	79.5	337	69	0	2	338	5	341	3.72e-206	568
OG_82	VFG005973(gb|WP_002263087)	79.5	337	69	0	2	338	5	341	1.07e-205	566
OG_82	VFG007659(gb|WP_011261022)	45.1	348	155	8	3	326	2	337	5.31e-96	289
OG_82	VFG048840(gb|WP_015958698)	44.4	349	158	7	3	327	2	338	1.01e-93	283
OG_82	VFG007658(gb|WP_011149273)	45.1	348	155	8	3	326	2	337	1.95e-93	282
OG_82	VFG048834(gb|WP_014230060)	44.4	349	158	7	3	327	2	338	2.29e-92	279
OG_82	VFG048837(gb|YP_005227858)	44.4	349	158	7	3	327	2	338	2.29e-92	279
OG_82	VFG049107(gb|WP_015958694)	44.1	349	159	7	3	327	2	338	4.58e-92	278
OG_82	VFG037923(gb|WP_000699387)	43.8	347	161	9	3	327	2	336	6.09e-92	278
OG_82	VFG048833(gb|WP_014838944)	44.1	349	159	7	3	327	2	338	6.48e-92	278
OG_82	VFG045306(gb|WP_010946495)	43.7	339	160	7	1	319	22	349	7.81e-89	270
OG_82	VFG013368(gb|WP_005693225)	41.6	346	166	7	1	322	1	334	7.42e-87	265
OG_82	VFG013372(gb|WP_010944658)	41.3	349	169	8	3	327	2	338	1.90e-86	264
OG_82	VFG013369(gb|WP_011272256)	42.8	348	163	8	2	325	6	341	2.77e-86	263
OG_82	VFG047024(gb|WP_014548761)	42.9	338	162	8	2	319	6	332	1.15e-84	259
OG_82	VFG047018(gb|WP_010030795)	42.3	338	164	8	2	319	6	332	3.27e-84	258
OG_82	VFG047032(gb|WP_013922615)	42.9	338	162	8	2	319	5	331	4.48e-84	257
OG_82	VFG047023(gb|WP_003030216)	42.6	338	163	8	2	319	6	332	9.25e-84	256
OG_82	VFG047027(gb|WP_014550111)	42.6	338	163	8	2	319	12	338	1.11e-83	256
OG_82	VFG013371(gb|WP_005648212)	41.2	345	163	9	4	322	3	333	1.35e-83	256
OG_82	VFG047020(gb|WP_012429801)	42.5	339	163	8	2	319	21	348	1.51e-83	256
OG_82	VFG047022(gb|WP_003029663)	42.6	338	163	8	2	319	6	332	1.85e-83	256
OG_82	VFG013370(gb|WP_005651396)	41.2	345	163	9	4	322	3	333	2.70e-83	255
OG_107	VFG005922(gb|WP_011837183)	42.1	38	22	0	8	45	134	171	3.59e-05	38.1
OG_71	VFG026307(gb|WP_011544653)	33.9	495	300	12	321	792	147	637	7.30e-80	271
OG_71	VFG016393(gb|WP_001208782)	27.3	282	164	15	336	589	9	277	3.72e-14	74.7
OG_71	VFG046741(gb|WP_003039924)	39.1	115	64	4	338	449	10	121	1.85e-13	72.4
OG_71	VFG046752(gb|WP_014549985)	39.1	115	64	4	338	449	10	121	3.32e-13	71.6
OG_71	VFG005021(gb|WP_011302065)	26.0	208	143	5	338	541	6	206	1.83e-12	68.2
OG_71	VFG012081(gb|YP_002344521)	33.3	114	65	4	336	444	2	109	1.20e-08	57.4
OG_71	VFG012082(gb|WP_002867212)	33.3	114	65	4	336	444	2	109	1.20e-08	57.4
OG_71	VFG018086(gb|WP_002866141)	33.3	114	65	4	336	444	2	109	1.20e-08	57.4
OG_71	VFG017839(gb|WP_011989876)	33.3	114	65	4	336	444	2	109	1.60e-08	57.0
OG_71	VFG012083(gb|WP_002868945)	34.9	106	58	4	336	436	2	101	5.04e-08	55.5
OG_85	VFG018664(gb|WP_012000426)	78.5	288	62	0	1	288	1	288	5.26e-164	456
OG_85	VFG005898(gb|WP_002904719)	78.1	288	63	0	1	288	1	288	7.47e-164	456
OG_85	VFG006015(gb|WP_000676152)	77.1	288	66	0	1	288	1	288	1.23e-162	453
OG_85	VFG006052(gb|WP_011226150)	77.1	288	66	0	1	288	1	288	1.01e-161	451
OG_85	VFG005997(gb|WP_002263084)	77.4	288	65	0	1	288	1	288	5.84e-161	449
OG_85	VFG006041(gb|WP_011681286)	76.7	288	67	0	1	288	1	288	5.84e-161	449
OG_85	VFG037938(gb|WP_000104825)	69.7	287	87	0	2	288	4	290	1.29e-148	417
OG_85	VFG007661(gb|WP_011261023)	69.5	285	87	0	1	285	1	285	3.41e-146	412
OG_85	VFG048826(gb|YP_005227857)	69.4	288	88	0	1	288	1	288	2.65e-143	404
OG_85	VFG007660(gb|WP_011149274)	69.1	291	87	1	1	288	1	291	1.09e-141	400
OG_85	VFG047048(gb|WP_014714814)	66.3	291	95	1	1	288	1	291	1.12e-141	400
OG_85	VFG048823(gb|WP_014230059)	68.4	288	91	0	1	288	1	288	2.92e-140	396
OG_85	VFG048822(gb|WP_004122480)	68.4	288	91	0	1	288	1	288	4.14e-140	396
OG_85	VFG047033(gb|WP_012280623)	65.3	291	98	1	1	288	1	291	5.03e-138	391
OG_85	VFG047049(gb|WP_013922612)	65.3	291	98	1	1	288	1	291	1.01e-137	390
OG_85	VFG047044(gb|WP_014550113)	65.1	289	97	2	1	285	1	289	3.05e-135	384
OG_85	VFG047041(gb|WP_014548762)	64.7	289	98	2	1	285	1	289	1.42e-134	382
OG_85	VFG047039(gb|WP_003018140)	64.0	289	100	1	1	285	1	289	2.09e-134	382
OG_85	VFG047040(gb|WP_003025230)	64.0	289	100	1	1	285	1	289	2.09e-134	382
OG_85	VFG047034(gb|WP_010030797)	64.0	289	100	1	1	285	1	289	5.98e-134	380
OG_85	VFG047037(gb|WP_012429802)	63.7	289	101	1	1	285	1	289	1.71e-133	379
OG_85	VFG045308(gb|WP_011213310)	64.6	285	101	0	1	285	1	285	4.84e-130	370
OG_85	VFG029516(gb|WP_015292076)	63.2	285	104	1	1	285	1	284	4.52e-125	358
OG_85	VFG029483(gb|NP_214848)	62.8	285	105	1	1	285	1	284	9.10e-125	357
OG_85	VFG018001(gb|WP_002866148)	61.0	290	111	1	1	288	1	290	1.48e-124	357
OG_96	VFG005983(gb|YP_001197940)	43.6	227	118	4	1	220	1	224	9.45e-52	170
OG_96	VFG019126(gb|WP_000389894)	45.0	211	112	2	4	210	5	215	4.94e-51	168
OG_96	VFG005868(gb|WP_011681166)	38.8	237	127	4	3	225	6	238	2.40e-50	166
OG_96	VFG001341(gb|WP_000362087)	40.8	233	128	5	1	225	1	231	2.85e-47	158
OG_96	VFG046727(gb|WP_003016703)	39.4	213	121	2	4	212	7	215	3.82e-47	158
OG_96	VFG046725(gb|WP_003039928)	39.4	213	121	2	4	212	7	215	5.39e-47	157
OG_96	VFG046730(gb|WP_012429563)	39.0	213	122	2	4	212	7	215	2.99e-46	155
OG_96	VFG046732(gb|WP_003020707)	39.0	213	122	2	4	212	7	215	2.99e-46	155
OG_96	VFG005942(gb|WP_000660895)	36.0	225	139	4	3	223	4	227	1.26e-45	154
OG_96	VFG005941(gb|WP_000415346)	36.6	224	137	4	4	223	7	229	2.63e-45	153
OG_96	VFG046736(gb|WP_014549986)	39.2	212	122	2	4	212	7	214	4.51e-45	152
OG_96	VFG046734(gb|WP_015083854)	39.0	213	121	3	4	212	7	214	1.26e-44	151
OG_96	VFG046740(gb|WP_013922877)	39.2	212	118	3	4	210	7	212	1.73e-44	151
OG_96	VFG046726(gb|WP_012280810)	38.3	209	126	3	4	210	4	211	1.99e-43	148
OG_96	VFG005926(gb|WP_011227240)	38.8	227	131	2	4	224	7	231	2.23e-43	148
OG_96	VFG005929(gb|WP_000591737)	39.2	212	123	3	4	210	10	220	3.91e-42	145
OG_96	VFG005930(gb|WP_000591736)	39.2	212	123	3	4	210	10	220	3.91e-42	145
OG_96	VFG016374(gb|WP_000908873)	38.9	226	123	4	4	219	3	223	1.68e-41	143
OG_96	VFG046752(gb|WP_014549985)	31.4	210	139	2	4	210	10	217	2.43e-36	130
OG_96	VFG046741(gb|WP_003039924)	31.4	210	139	2	4	210	10	217	9.38e-36	129
OG_96	VFG046742(gb|WP_003016702)	31.9	210	138	2	4	210	10	217	1.84e-35	128
OG_96	VFG046748(gb|WP_003032069)	31.9	210	138	2	4	210	10	217	1.84e-35	128
OG_96	VFG046756(gb|WP_013922878)	33.6	223	135	3	4	218	6	223	2.15e-35	127
OG_96	VFG046745(gb|WP_012429562)	31.4	210	139	2	4	210	10	217	3.61e-35	127
OG_96	VFG046747(gb|WP_003020709)	31.4	210	139	2	4	210	10	217	5.06e-35	127
OG_13	VFG006081(gb|WP_014621820)	60.0	110	42	1	1	108	165	274	1.34e-39	133
OG_13	VFG006089(gb|WP_011681446)	60.0	110	42	1	1	108	165	274	1.34e-39	133
OG_13	VFG005889(gb|WP_002261974)	59.1	110	43	1	1	108	165	274	1.52e-38	130
OG_13	VFG018667(gb|WP_012000437)	59.1	110	43	1	1	108	165	274	2.10e-38	130
OG_13	VFG005838(gb|WP_011836759)	58.2	110	44	1	1	108	165	274	3.36e-37	127
OG_24	VFG049050(gb|WP_015958690)	44.6	148	74	1	2	141	4	151	1.18e-41	143
OG_24	VFG049059(gb|WP_020956643)	41.9	136	79	0	6	141	3	138	8.94e-36	127
OG_24	VFG049057(gb|WP_012541096)	41.2	136	80	0	6	141	3	138	3.39e-35	125
OG_24	VFG026227(gb|WP_004538663)	42.5	146	71	1	6	138	8	153	5.42e-35	125
OG_24	VFG049076(gb|WP_004852439)	36.4	140	85	1	6	141	5	144	8.42e-32	113
OG_24	VFG049077(gb|WP_014230053)	36.4	140	85	1	6	141	5	144	8.42e-32	113
OG_24	VFG049041(gb|WP_002912371)	35.0	140	87	1	6	141	5	144	1.67e-31	112
OG_24	VFG049080(gb|YP_005227849)	35.0	140	87	1	6	141	5	144	1.67e-31	112
OG_24	VFG049084(gb|WP_004175264)	35.0	140	87	1	6	141	5	144	1.67e-31	112
OG_24	VFG045320(gb|WP_010946510)	40.8	103	61	0	36	138	73	175	1.16e-25	100
OG_24	VFG011190(gb|WP_003807078)	36.0	100	64	0	42	141	44	143	2.19e-21	88.2
OG_24	VFG026219(gb|WP_011544657)	32.3	99	64	1	43	141	21	116	6.31e-12	60.5
OG_24	VFG007911(gb|WP_010908851)	27.1	107	67	1	42	137	24	130	9.21e-09	52.4
OG_24	VFG022453(gb|WP_012393578)	25.9	116	66	3	33	133	14	124	1.71e-08	51.6
OG_24	VFG007912(gb|WP_011740072)	25.9	116	66	3	33	133	14	124	3.17e-08	50.8
OG_24	VFG008825(gb|WP_015355163)	25.9	116	66	3	33	133	14	124	3.17e-08	50.8
OG_24	VFG008680(gb|WP_015309619)	25.7	109	70	1	42	139	22	130	5.88e-08	50.1
OG_24	VFG016024(gb|WP_011267350)	36.7	60	37	1	38	97	352	410	4.22e-07	47.8
OG_24	VFG016021(gb|WP_003148545)	36.7	49	31	0	41	89	355	403	5.72e-07	47.4
OG_24	VFG016030(gb|WP_011333314)	35.4	48	31	0	41	88	354	401	5.72e-07	47.4
OG_24	VFG016023(gb|WP_011103875)	36.7	60	37	1	38	97	352	410	7.78e-07	47.0
OG_24	VFG016025(gb|WP_005753277)	36.7	60	37	1	38	97	352	410	7.79e-07	47.0
OG_24	VFG016027(gb|WP_041168379)	31.6	57	39	0	41	97	354	410	1.06e-06	46.6
OG_24	VFG020065(gb|WP_012614134)	36.7	49	31	0	41	89	354	402	1.06e-06	46.6
OG_24	VFG016028(gb|WP_011534370)	31.6	57	39	0	41	97	354	410	1.44e-06	46.2
OG_84	VFG007663(gb|WP_011149276)	50.3	181	85	4	1	178	1	179	1.12e-54	171
OG_84	VFG045304(gb|WP_010946493)	47.0	183	93	4	1	182	1	180	5.89e-50	159
OG_84	VFG002375(gb|WP_005167727)	33.9	171	108	3	1	171	3	168	5.49e-31	110
OG_130	VFG018674(gb|WP_008809635)	50.0	106	45	1	20	117	18	123	3.41e-27	102
OG_130	VFG005841(gb|WP_002262748)	45.6	103	48	1	23	117	19	121	1.98e-19	81.6
OG_130	VFG023798(gb|WP_005179818)	35.4	82	52	1	20	100	12	93	2.62e-07	47.4
OG_130	VFG038060(gb|WP_000262379)	32.6	92	53	2	14	100	2	89	6.63e-07	46.2
OG_94	VFG013464(gb|WP_011609611)	29.0	241	150	7	2	236	19	244	4.61e-25	99.4
OG_94	VFG013178(gb|WP_012341378)	28.6	241	151	7	2	236	19	244	9.24e-24	95.9
OG_94	VFG013461(gb|WP_011272550)	29.1	244	146	8	2	236	19	244	6.75e-22	90.9
OG_94	VFG013462(gb|WP_011961990)	28.7	244	147	8	2	236	19	244	1.31e-21	90.1
OG_94	VFG000329(gb|WP_005693564)	28.2	245	147	8	2	236	19	244	9.38e-20	85.1
OG_94	VFG019119(gb|WP_001076780)	27.4	241	160	7	4	236	22	255	3.52e-16	75.5
OG_162	VFG026307(gb|WP_011544653)	58.1	105	44	0	5	109	269	373	2.59e-36	129
OG_111	VFG046630(gb|WP_044247433)	39.2	189	115	0	1	189	271	459	3.48e-43	149
OG_111	VFG046621(gb|WP_003039944)	43.0	165	94	0	1	165	271	435	9.51e-43	148
OG_111	VFG046633(gb|WP_043024564)	43.0	165	94	0	1	165	271	435	9.51e-43	148
OG_111	VFG046623(gb|WP_003025498)	42.4	165	95	0	1	165	271	435	7.07e-42	146
OG_111	VFG046624(gb|WP_003016722)	42.4	165	95	0	1	165	271	435	7.07e-42	146
OG_111	VFG046626(gb|WP_012429568)	42.4	165	95	0	1	165	271	435	7.07e-42	146
OG_111	VFG046637(gb|WP_041263711)	40.1	172	103	0	3	174	273	444	7.07e-42	146
OG_111	VFG046622(gb|WP_012280805)	43.2	155	88	0	20	174	291	445	1.00e-41	145
OG_111	VFG046628(gb|WP_003020689)	41.8	165	96	0	1	165	271	435	2.69e-41	144
OG_111	VFG016399(gb|WP_001257886)	43.2	176	92	4	2	175	34	203	7.64e-36	125
OG_111	VFG012067(gb|WP_002853498)	47.5	162	77	5	1	161	26	180	2.75e-35	122
OG_111	VFG012066(gb|WP_002867208)	47.5	162	77	5	1	161	26	180	3.89e-35	122
OG_111	VFG012065(gb|YP_002344517)	47.5	162	77	5	1	161	26	180	7.75e-35	121
OG_111	VFG047304(gb|WP_003040376)	40.9	171	93	4	1	169	31	195	2.13e-33	118
OG_111	VFG048957(gb|WP_012541089)	41.7	163	89	2	1	158	294	455	2.18e-33	123
OG_111	VFG037974(gb|WP_000919783)	40.8	174	91	3	8	181	29	190	2.70e-33	117
OG_111	VFG016416(gb|WP_000060578)	41.7	175	85	5	3	164	55	225	4.97e-33	117
OG_111	VFG012068(gb|WP_002850222)	42.9	170	89	4	8	175	33	196	1.40e-32	115
OG_111	VFG048841(gb|WP_014907232)	41.7	163	89	2	1	158	296	457	1.58e-32	121
OG_111	VFG038020(gb|WP_000595803)	42.0	174	89	4	8	181	29	190	4.24e-32	114
OG_111	VFG050185(gb|WP_001971583)	40.2	174	90	3	5	167	52	222	4.85e-32	115
OG_111	VFG017835(gb|WP_011989880)	45.1	162	81	5	1	161	26	180	7.61e-32	114
OG_111	VFG007668(gb|WP_011082429)	43.3	164	85	3	1	158	295	456	1.11e-31	119
OG_111	VFG007669(gb|WP_011151787)	43.3	164	85	3	1	158	295	456	1.54e-31	118
OG_111	VFG048839(gb|WP_041937831)	41.9	160	87	2	1	155	294	452	1.99e-31	118
OG_74	VFG011192(gb|WP_003807080)	25.1	247	175	6	18	257	13	256	5.28e-13	67.0
OG_64	VFG000690(gb|AAP42183)	34.4	64	38	1	385	444	1049	1112	5.82e-05	47.0
OG_73	VFG047144(gb|WP_010030803)	39.7	317	176	8	4	314	14	321	1.58e-61	198
OG_73	VFG047147(gb|WP_003027881)	39.7	317	176	8	4	314	14	321	1.58e-61	198
OG_73	VFG047149(gb|WP_003029668)	39.7	317	176	8	4	314	14	321	1.58e-61	198
OG_73	VFG047143(gb|WP_011733708)	39.7	315	175	8	4	312	14	319	3.24e-61	197
OG_73	VFG037918(gb|WP_001077698)	37.0	327	178	10	4	312	18	334	3.65e-59	193
OG_73	VFG037910(gb|WP_000085124)	37.2	325	175	10	2	307	16	330	8.69e-59	192
OG_73	VFG038016(gb|WP_001083066)	36.6	322	178	10	2	306	16	328	3.77e-57	187
OG_73	VFG000430(gb|WP_000127915)	36.9	333	180	11	2	314	16	338	2.20e-54	181
OG_73	VFG019782(gb|WP_003163315)	36.1	321	177	11	4	306	18	328	8.35e-52	174
OG_73	VFG029548(gb|YP_001704838)	28.4	342	200	6	5	306	2	338	7.25e-37	135
OG_73	VFG029554(gb|WP_005062162)	28.4	342	200	6	5	306	2	338	7.25e-37	135
OG_73	VFG029546(gb|WP_009977510)	28.9	342	198	6	5	306	2	338	9.61e-36	132
OG_73	VFG016387(gb|WP_000996578)	27.1	325	201	8	5	303	4	318	1.50e-35	131
OG_73	VFG029547(gb|WP_014876758)	27.7	354	210	6	5	317	6	354	3.04e-35	130
OG_73	VFG017987(gb|WP_012006774)	28.7	314	203	7	1	301	1	306	8.33e-35	129
OG_73	VFG013369(gb|WP_011272256)	31.3	342	195	12	2	314	6	336	4.97e-34	127
OG_73	VFG050194(gb|WP_000996524)	26.3	315	204	8	5	297	4	312	6.05e-34	127
OG_73	VFG013370(gb|WP_005651396)	30.3	343	195	11	3	314	2	331	2.03e-33	125
OG_73	VFG013371(gb|WP_005648212)	30.0	343	196	11	3	314	2	331	5.49e-33	124
OG_73	VFG013368(gb|WP_005693225)	29.6	345	199	11	1	314	1	332	8.36e-31	118
OG_73	VFG017989(gb|WP_002867010)	28.2	323	206	10	1	312	1	308	5.81e-30	115
OG_73	VFG002361(gb|WP_011816867)	28.3	304	192	8	3	286	2	299	2.99e-29	114
OG_73	VFG016528(gb|NP_975938)	25.8	329	220	9	3	314	2	323	3.87e-27	108
OG_73	VFG016535(gb|NP_975945)	25.8	329	220	9	3	314	2	323	3.87e-27	108
OG_73	VFG017750(gb|WP_011990753)	27.6	319	200	12	2	311	3	299	5.90e-22	94.0
OG_14	VFG017989(gb|WP_002867010)	36.7	60	34	2	1	56	1	60	1.75e-06	42.7
OG_14	VFG047144(gb|WP_010030803)	43.9	57	28	2	4	56	14	70	4.50e-06	41.6
OG_14	VFG047147(gb|WP_003027881)	43.9	57	28	2	4	56	14	70	4.50e-06	41.6
OG_14	VFG047149(gb|WP_003029668)	43.9	57	28	2	4	56	14	70	4.50e-06	41.6
OG_14	VFG047143(gb|WP_011733708)	43.9	57	28	2	4	56	14	70	4.50e-06	41.6
OG_14	VFG016542(gb|NP_975952)	34.9	63	37	2	3	63	2	62	5.44e-06	41.2
OG_14	VFG016528(gb|NP_975938)	34.9	63	37	2	3	63	2	62	6.17e-06	41.2
OG_14	VFG016535(gb|NP_975945)	34.9	63	37	2	3	63	2	62	6.17e-06	41.2
OG_38	VFG048867(gb|WP_014230062)	50.0	50	25	0	3	52	60	109	7.65e-12	57.0
OG_38	VFG016398(gb|WP_000606280)	47.1	51	27	0	3	53	60	110	3.87e-11	55.1
OG_38	VFG005021(gb|WP_011302065)	57.9	38	16	0	15	52	69	106	1.90e-09	50.4
OG_38	VFG046742(gb|WP_003016702)	56.4	39	16	1	3	41	61	98	3.31e-07	44.3
OG_38	VFG046745(gb|WP_012429562)	56.4	39	16	1	3	41	61	98	3.31e-07	44.3
OG_38	VFG046747(gb|WP_003020709)	56.4	39	16	1	3	41	61	98	3.31e-07	44.3
OG_38	VFG046748(gb|WP_003032069)	56.4	39	16	1	3	41	61	98	3.31e-07	44.3
OG_38	VFG046741(gb|WP_003039924)	53.8	39	17	1	3	41	61	98	8.49e-07	43.1
OG_38	VFG046752(gb|WP_014549985)	53.8	39	17	1	3	41	61	98	8.49e-07	43.1
OG_38	VFG046749(gb|WP_014548569)	53.8	39	17	1	3	41	56	93	1.16e-06	42.7
OG_38	VFG046725(gb|WP_003039928)	40.4	52	30	1	2	53	57	107	2.18e-06	42.0
OG_38	VFG046734(gb|WP_015083854)	40.4	52	29	1	2	53	57	106	4.08e-06	41.2
OG_38	VFG046727(gb|WP_003016703)	38.5	52	31	1	2	53	57	107	7.67e-06	40.4
OG_38	VFG046730(gb|WP_012429563)	38.5	52	31	1	2	53	57	107	7.67e-06	40.4
OG_38	VFG046732(gb|WP_003020707)	38.5	52	31	1	2	53	57	107	7.67e-06	40.4
OG_38	VFG046736(gb|WP_014549986)	38.5	52	31	1	2	53	57	107	1.05e-05	40.0
OG_38	VFG023790(gb|WP_013649463)	41.7	36	21	0	8	43	61	96	1.44e-05	39.7
OG_38	VFG001342(gb|WP_000420465)	44.7	38	21	0	13	50	64	101	1.97e-05	39.3
OG_38	VFG005983(gb|YP_001197940)	50.0	40	19	1	2	41	54	92	3.71e-05	38.5
OG_38	VFG005946(gb|WP_011837185)	30.8	52	34	1	3	52	54	105	4.61e-04	35.4
OG_38	VFG019124(gb|WP_000573793)	35.9	39	25	0	4	42	54	92	4.62e-04	35.4
OG_125	VFG026307(gb|WP_011544653)	60.4	48	19	0	5	52	269	316	4.15e-15	66.6
OG_15	VFG019125(gb|WP_001085099)	60.8	74	29	0	1	74	1	74	8.32e-26	97.8
OG_15	VFG016373(gb|WP_001108298)	50.0	74	37	0	1	74	1	74	4.60e-19	79.0
OG_137	VFG026307(gb|WP_011544653)	41.8	98	57	0	1	98	251	348	6.58e-21	85.5
OG_65	VFG000329(gb|WP_005693564)	47.2	53	26	1	160	210	213	265	2.31e-09	55.8
OG_65	VFG013461(gb|WP_011272550)	45.3	53	27	1	160	210	213	265	4.26e-09	55.1
OG_65	VFG013462(gb|WP_011961990)	45.3	53	27	1	160	210	213	265	1.07e-08	53.9
OG_89	VFG018674(gb|WP_008809635)	48.2	361	177	2	15	365	17	377	2.82e-103	310
OG_89	VFG005841(gb|WP_002262748)	47.9	361	178	3	15	365	15	375	7.04e-98	296
OG_89	VFG037949(gb|WP_001100755)	29.5	281	178	8	7	281	2	268	2.51e-21	93.6
OG_89	VFG038134(gb|WP_020752682)	29.5	281	178	8	7	281	2	268	1.62e-20	91.3
OG_89	VFG038060(gb|WP_000262379)	27.5	284	164	9	16	281	8	267	4.58e-14	72.4
OG_5	VFG013461(gb|WP_011272550)	45.9	61	31	1	4	64	19	77	7.69e-15	65.9
OG_5	VFG013462(gb|WP_011961990)	50.0	52	26	0	4	55	19	70	1.49e-14	65.1
OG_5	VFG000329(gb|WP_005693564)	48.1	52	27	0	4	55	19	70	3.98e-14	63.9
OG_5	VFG019119(gb|WP_001076780)	39.5	76	32	2	3	64	19	94	5.91e-14	63.5
OG_5	VFG013464(gb|WP_011609611)	47.2	53	28	0	3	55	18	70	7.72e-14	63.2
OG_167	VFG013356(gb|WP_041174820)	33.3	57	37	1	3	58	170	226	1.58e-04	37.0
OG_117	VFG005973(gb|WP_002263087)	72.2	79	22	0	1	79	263	341	6.45e-37	126
OG_117	VFG006022(gb|WP_002947383)	72.2	79	22	0	1	79	263	341	9.07e-37	125
OG_117	VFG005862(gb|WP_009659423)	68.4	79	25	0	1	79	263	341	4.96e-36	124
OG_117	VFG018666(gb|WP_012000428)	68.4	79	25	0	1	79	263	341	9.78e-36	123
OG_117	VFG013372(gb|WP_010944658)	43.1	51	28	1	18	68	289	338	3.42e-11	57.0
OG_117	VFG047017(gb|WP_012280626)	40.5	42	24	1	19	60	292	332	2.99e-04	37.4
OG_117	VFG047018(gb|WP_010030795)	40.5	42	24	1	19	60	292	332	5.60e-04	36.6
OG_117	VFG047022(gb|WP_003029663)	40.5	42	24	1	19	60	292	332	5.60e-04	36.6
OG_117	VFG047023(gb|WP_003030216)	40.5	42	24	1	19	60	292	332	5.60e-04	36.6
OG_117	VFG047027(gb|WP_014550111)	40.5	42	24	1	19	60	298	338	5.61e-04	36.6
OG_117	VFG047020(gb|WP_012429801)	40.5	42	24	1	19	60	308	348	5.63e-04	36.6
OG_70	VFG026307(gb|WP_011544653)	47.5	573	289	6	147	710	123	692	5.16e-164	489
OG_70	VFG001937(gb|YP_002344529)	37.2	113	62	4	181	292	3	107	5.43e-16	80.5
OG_70	VFG001341(gb|WP_000362087)	45.3	95	49	3	181	275	3	94	6.63e-16	79.3
OG_70	VFG005971(gb|YP_001197939)	39.1	110	64	3	181	290	3	109	7.87e-15	76.3
OG_70	VFG001939(gb|YP_002344531)	41.7	84	47	2	182	265	4	85	5.40e-14	74.3
OG_70	VFG006083(gb|WP_011681443)	35.1	94	58	3	180	273	4	94	9.89e-14	72.8
OG_70	VFG001968(gb|YP_002344823)	39.3	84	49	2	182	265	4	85	1.78e-11	66.6
OG_70	VFG017990(gb|WP_012006776)	30.0	110	69	4	181	290	5	106	1.09e-09	61.2
OG_70	VFG005926(gb|WP_011227240)	31.4	118	77	4	437	554	4	117	6.09e-09	58.2
OG_70	VFG001342(gb|WP_000420465)	34.0	94	58	2	438	531	2	91	2.54e-07	53.1
OG_70	VFG016374(gb|WP_000908873)	37.9	95	51	4	439	531	2	90	3.16e-06	49.7
OG_70	VFG016393(gb|WP_001208782)	33.0	106	62	5	434	537	6	104	6.23e-06	48.9
OG_70	VFG038028(gb|WP_000898289)	33.0	103	65	3	437	537	6	106	1.21e-05	47.8
OG_70	VFG046756(gb|WP_013922878)	35.3	102	44	4	439	531	5	93	1.34e-05	47.8
OG_70	VFG013354(gb|WP_005648226)	30.9	94	60	3	439	531	5	94	1.21e-04	44.3
OG_70	VFG013356(gb|WP_041174820)	30.9	94	60	3	439	531	5	94	1.21e-04	44.3
OG_70	VFG019126(gb|WP_000389894)	47.7	44	22	1	437	480	2	44	1.25e-04	44.7
OG_70	VFG013471(gb|WP_005693601)	29.1	127	85	4	434	559	1	123	1.27e-04	44.7
OG_49	VFG005973(gb|WP_002263087)	75.6	135	33	0	2	136	5	139	4.12e-70	214
OG_49	VFG006022(gb|WP_002947383)	73.3	135	36	0	2	136	5	139	9.39e-69	210
OG_49	VFG018666(gb|WP_012000428)	74.1	135	35	0	2	136	5	139	5.33e-68	208
OG_49	VFG005862(gb|WP_009659423)	73.3	135	36	0	2	136	5	139	1.51e-67	207
OG_49	VFG045306(gb|WP_010946495)	47.3	146	64	3	1	133	22	167	5.05e-34	121
OG_49	VFG007658(gb|WP_011149273)	46.6	146	64	4	3	135	2	146	4.18e-29	108
OG_49	VFG047024(gb|WP_014548761)	41.8	141	69	3	2	129	6	146	4.31e-29	107
OG_49	VFG007659(gb|WP_011261022)	45.2	146	66	4	3	135	2	146	9.51e-29	107
OG_49	VFG047018(gb|WP_010030795)	40.0	145	74	3	2	133	6	150	1.18e-28	106
OG_49	VFG047022(gb|WP_003029663)	40.7	145	73	3	2	133	6	150	2.31e-28	105
OG_49	VFG047023(gb|WP_003030216)	40.7	145	73	3	2	133	6	150	2.31e-28	105
OG_49	VFG047027(gb|WP_014550111)	40.7	145	73	3	2	133	12	156	2.53e-28	105
OG_49	VFG047020(gb|WP_012429801)	40.4	146	73	3	2	133	21	166	2.93e-28	105
OG_49	VFG047032(gb|WP_013922615)	41.1	141	70	3	2	129	5	145	3.18e-28	105
OG_49	VFG048840(gb|WP_015958698)	43.8	146	68	4	3	135	2	146	8.54e-28	104
OG_49	VFG037923(gb|WP_000699387)	41.8	146	71	4	3	135	2	146	2.26e-27	103
OG_49	VFG048834(gb|WP_014230060)	43.2	146	69	4	3	135	2	146	1.22e-26	101
OG_49	VFG048837(gb|YP_005227858)	43.8	146	68	4	3	135	2	146	1.22e-26	101
OG_49	VFG047017(gb|WP_012280626)	39.7	141	72	3	2	129	6	146	1.28e-26	101
OG_49	VFG047031(gb|WP_014714817)	39.7	141	72	3	2	129	6	146	1.89e-26	100
OG_49	VFG013369(gb|WP_011272256)	41.5	147	72	4	2	135	6	151	2.17e-26	100
OG_49	VFG049107(gb|WP_015958694)	43.2	146	69	4	3	135	2	146	2.37e-26	100
OG_49	VFG048833(gb|WP_014838944)	42.5	146	70	4	3	135	2	146	4.60e-26	100
OG_49	VFG018002(gb|WP_002866149)	39.4	142	70	4	4	129	3	144	1.55e-23	93.2
OG_49	VFG013372(gb|WP_010944658)	40.0	140	70	4	3	129	2	140	1.61e-23	93.2
OG_32	VFG007663(gb|WP_011149276)	53.8	65	27	2	1	63	1	64	4.43e-16	67.8
OG_32	VFG045304(gb|WP_010946493)	46.9	64	32	2	1	63	1	63	4.10e-13	60.1
OG_86	VFG005932(gb|WP_000066762)	34.7	219	129	6	2	206	6	224	1.74e-31	117
OG_86	VFG006086(gb|WP_011226328)	32.1	237	133	7	2	221	3	228	2.92e-28	108
OG_86	VFG006067(gb|WP_011681438)	31.5	235	137	7	2	221	3	228	1.47e-25	101
OG_86	VFG005913(gb|WP_002261976)	29.9	231	145	5	2	221	3	227	3.83e-25	100
OG_86	VFG006073(gb|WP_011227430)	31.1	235	138	7	2	221	3	228	1.06e-24	99.4
OG_86	VFG006055(gb|WP_002902064)	30.4	237	154	6	1	229	1	234	2.86e-20	87.4
OG_86	VFG005916(gb|WP_011681169)	31.8	214	130	7	2	206	3	209	5.25e-17	78.2
OG_86	VFG047050(gb|WP_011457399)	25.2	214	136	7	2	201	4	207	8.97e-14	68.9
OG_86	VFG047053(gb|WP_012429803)	25.2	214	136	7	2	201	4	207	8.97e-14	68.9
OG_86	VFG047055(gb|WP_003022283)	25.2	214	136	7	2	201	4	207	8.97e-14	68.9
OG_86	VFG047061(gb|WP_014367992)	24.8	214	137	7	2	201	4	207	5.87e-13	66.6
OG_86	VFG005994(gb|WP_011837189)	33.0	91	60	1	1	90	4	94	2.02e-07	51.2
OG_66	VFG013354(gb|WP_005648226)	39.0	251	151	2	1	250	1	250	2.12e-51	167
OG_66	VFG013356(gb|WP_041174820)	38.2	251	153	2	1	250	1	250	2.38e-50	165
OG_66	VFG005021(gb|WP_011302065)	38.0	234	143	2	1	233	1	233	2.12e-49	162
OG_66	VFG016398(gb|WP_000606280)	34.8	247	144	5	2	243	7	241	1.69e-44	150
OG_66	VFG048867(gb|WP_014230062)	36.1	219	136	3	6	224	10	224	4.79e-37	130
OG_66	VFG037945(gb|WP_000961495)	33.5	218	122	7	5	209	2	209	2.18e-28	110
OG_66	VFG005983(gb|YP_001197940)	31.8	242	146	4	6	233	4	240	4.12e-27	106
OG_66	VFG046752(gb|WP_014549985)	32.4	207	123	4	5	196	9	213	1.53e-24	99.8
OG_66	VFG046742(gb|WP_003016702)	53.8	91	41	1	5	95	9	98	2.13e-24	99.4
OG_66	VFG046748(gb|WP_003032069)	53.8	91	41	1	5	95	9	98	2.13e-24	99.4
OG_66	VFG001341(gb|WP_000362087)	36.0	200	114	6	6	192	4	202	3.35e-24	98.6
OG_66	VFG046745(gb|WP_012429562)	52.7	91	42	1	5	95	9	98	4.08e-24	98.6
OG_66	VFG006086(gb|WP_011226328)	31.5	213	125	8	6	202	3	210	4.44e-24	98.2
OG_66	VFG019126(gb|WP_000389894)	32.7	245	152	5	5	237	4	247	4.44e-24	98.2
OG_66	VFG046726(gb|WP_012280810)	27.1	240	155	5	5	228	3	238	4.51e-24	98.2
OG_66	VFG046756(gb|WP_013922878)	29.2	226	140	4	1	213	1	219	4.99e-24	98.2
OG_66	VFG046747(gb|WP_003020709)	52.7	91	42	1	5	95	9	98	5.66e-24	98.2
OG_66	VFG038028(gb|WP_000898289)	26.6	218	151	4	2	210	5	222	9.16e-24	97.1
OG_66	VFG050195(gb|WP_000272144)	32.0	244	144	6	1	224	1	242	9.87e-24	97.8
OG_66	VFG046749(gb|WP_014548569)	52.7	91	42	1	5	95	4	93	1.01e-23	97.4
OG_66	VFG005941(gb|WP_000415346)	30.7	218	141	4	5	213	6	222	1.29e-23	97.1
OG_66	VFG046741(gb|WP_003039924)	52.7	91	42	1	5	95	9	98	2.88e-23	96.3
OG_66	VFG005926(gb|WP_011227240)	37.0	127	78	2	4	130	5	129	4.76e-23	95.5
OG_66	VFG046740(gb|WP_013922877)	27.8	216	144	5	6	213	7	218	5.98e-23	95.1
OG_66	VFG046725(gb|WP_003039928)	28.7	216	141	5	5	211	6	217	1.18e-22	94.4
OG_30	VFG006055(gb|WP_002902064)	64.3	42	15	0	8	49	3	44	1.45e-10	53.5
OG_119	VFG005898(gb|WP_002904719)	76.6	137	32	0	1	137	152	288	1.09e-70	213
OG_119	VFG018664(gb|WP_012000426)	76.6	137	32	0	1	137	152	288	1.09e-70	213
OG_119	VFG006015(gb|WP_000676152)	75.2	137	34	0	1	137	152	288	1.25e-69	211
OG_119	VFG006041(gb|WP_011681286)	73.7	137	36	0	1	137	152	288	7.15e-69	209
OG_119	VFG006052(gb|WP_011226150)	73.7	137	36	0	1	137	152	288	7.15e-69	209
OG_119	VFG005997(gb|WP_002263084)	74.8	135	34	0	3	137	154	288	9.40e-67	203
OG_119	VFG037938(gb|WP_000104825)	66.2	136	46	0	2	137	155	290	4.71e-62	191
OG_119	VFG047048(gb|WP_014714814)	67.9	134	43	0	4	137	158	291	6.38e-61	189
OG_119	VFG047033(gb|WP_012280623)	67.2	134	44	0	4	137	158	291	1.81e-60	187
OG_119	VFG047049(gb|WP_013922612)	67.2	134	44	0	4	137	158	291	5.14e-60	186
OG_119	VFG048826(gb|YP_005227857)	67.6	136	44	0	2	137	153	288	1.20e-59	185
OG_119	VFG007660(gb|WP_011149274)	66.4	137	46	0	1	137	155	291	1.61e-58	182
OG_119	VFG047034(gb|WP_010030797)	64.9	131	46	0	4	134	159	289	1.26e-57	180
OG_119	VFG047037(gb|WP_012429802)	64.9	131	46	0	4	134	159	289	1.26e-57	180
OG_119	VFG047039(gb|WP_003018140)	64.9	131	46	0	4	134	159	289	1.26e-57	180
OG_119	VFG047040(gb|WP_003025230)	64.9	131	46	0	4	134	159	289	1.26e-57	180
OG_119	VFG047044(gb|WP_014550113)	64.9	131	46	0	4	134	159	289	2.90e-57	179
OG_119	VFG047041(gb|WP_014548762)	64.9	131	46	0	4	134	159	289	3.48e-57	179
OG_119	VFG007661(gb|WP_011261023)	63.9	133	48	0	2	134	153	285	2.33e-56	177
OG_119	VFG048823(gb|WP_014230059)	64.7	136	48	0	2	137	153	288	2.50e-56	177
OG_119	VFG029487(gb|WP_003879222)	65.9	132	45	0	3	134	153	284	2.64e-56	177
OG_119	VFG048822(gb|WP_004122480)	64.7	136	48	0	2	137	153	288	3.54e-56	176
OG_119	VFG045308(gb|WP_011213310)	64.7	133	47	0	2	134	153	285	1.06e-55	175
OG_119	VFG029483(gb|NP_214848)	64.4	132	47	0	3	134	153	284	1.95e-55	174
OG_119	VFG029507(gb|WP_014943052)	63.6	132	48	0	3	134	153	284	4.25e-55	174
OG_88	VFG049072(gb|WP_015958692)	33.0	261	163	7	1	259	6	256	3.11e-30	114
OG_160	VFG006027(gb|WP_002916998)	60.0	45	15	1	1	45	1	42	4.88e-11	54.3
OG_160	VFG006079(gb|WP_011681442)	55.6	45	17	1	1	45	1	42	4.77e-10	51.6
OG_80	VFG006027(gb|WP_002916998)	60.2	241	93	1	1	241	1	238	1.53e-99	289
OG_80	VFG006079(gb|WP_011681442)	58.9	241	96	1	1	241	1	238	1.45e-97	284
OG_126	VFG026307(gb|WP_011544653)	45.8	59	32	0	1	59	197	255	5.37e-09	49.7
OG_29	VFG006055(gb|WP_002902064)	50.0	94	46	1	8	101	3	95	4.54e-22	89.7
OG_118	VFG005862(gb|WP_009659423)	81.3	91	17	0	2	92	104	194	1.08e-49	159
OG_118	VFG006022(gb|WP_002947383)	81.3	91	17	0	2	92	104	194	1.08e-49	159
OG_118	VFG018666(gb|WP_012000428)	81.3	91	17	0	2	92	104	194	1.08e-49	159
OG_118	VFG005973(gb|WP_002263087)	79.1	91	19	0	2	92	104	194	1.20e-48	157
OG_118	VFG007659(gb|WP_011261022)	49.0	102	32	2	1	92	101	192	1.03e-25	97.4
OG_118	VFG013372(gb|WP_010944658)	45.1	102	36	2	1	92	101	192	8.73e-22	86.7
OG_118	VFG047024(gb|WP_014548761)	44.1	102	37	3	1	92	107	198	1.06e-19	80.9
OG_118	VFG047032(gb|WP_013922615)	43.1	102	38	3	1	92	106	197	3.89e-19	79.3
OG_118	VFG047017(gb|WP_012280626)	41.2	102	40	2	1	92	107	198	5.43e-19	79.0
OG_118	VFG047023(gb|WP_003030216)	43.1	102	38	3	1	92	107	198	5.43e-19	79.0
OG_118	VFG047027(gb|WP_014550111)	43.1	102	38	3	1	92	113	204	5.69e-19	79.0
OG_118	VFG047020(gb|WP_012429801)	43.1	102	38	3	1	92	123	214	6.11e-19	79.0
OG_118	VFG047018(gb|WP_010030795)	42.2	102	39	3	1	92	107	198	7.53e-19	78.6
OG_118	VFG013164(gb|WP_012340298)	41.2	102	40	2	1	92	101	192	7.87e-19	78.6
OG_118	VFG013373(gb|WP_011608862)	41.2	102	40	2	1	92	101	192	7.87e-19	78.6
OG_118	VFG047022(gb|WP_003029663)	43.1	102	38	3	1	92	107	198	1.04e-18	78.2
OG_118	VFG047031(gb|WP_014714817)	42.2	102	39	3	1	92	107	198	2.06e-18	77.4
OG_98	VFG000688(gb|AAP42181)	29.9	221	148	5	5	222	9	225	1.20e-20	89.7
OG_129	VFG011192(gb|WP_003807080)	33.3	63	40	2	14	76	203	263	2.52e-05	40.0
OG_129	VFG049087(gb|WP_004138730)	36.7	60	35	2	17	76	199	255	4.69e-05	39.3
OG_129	VFG049095(gb|WP_002912373)	28.3	60	40	1	17	76	199	255	1.65e-04	37.7
OG_42	VFG006027(gb|WP_002916998)	69.6	102	28	1	1	102	1	99	3.77e-42	137
OG_42	VFG006079(gb|WP_011681442)	69.6	102	28	1	1	102	1	99	7.55e-42	137
OG_93	VFG006055(gb|WP_002902064)	41.3	126	72	2	8	133	3	126	4.47e-21	91.7
OG_93	VFG005916(gb|WP_011681169)	33.1	130	75	4	9	133	5	127	1.39e-09	58.2
OG_93	VFG002187(gb|WP_002370472)	28.3	106	72	3	8	111	45	148	5.05e-05	44.7
OG_93	VFG002186(gb|WP_002387129)	34.8	92	56	1	8	99	7	94	4.26e-04	42.0
OG_81	VFG006081(gb|WP_014621820)	60.6	213	83	1	1	212	1	213	1.19e-90	267
OG_81	VFG006089(gb|WP_011681446)	60.1	213	84	1	1	212	1	213	4.81e-90	266
OG_81	VFG018667(gb|WP_012000437)	60.1	213	84	1	1	212	1	213	1.58e-88	262
OG_81	VFG005889(gb|WP_002261974)	58.2	213	88	1	1	212	1	213	9.37e-88	260
OG_81	VFG005838(gb|WP_011836759)	59.6	213	85	1	1	212	1	213	3.08e-86	256
OG_81	VFG007662(gb|WP_011149275)	42.3	215	114	5	2	210	3	213	5.67e-45	151
OG_81	VFG045305(gb|WP_010946494)	42.4	217	116	5	2	212	3	216	1.63e-44	150
OG_140	VFG026307(gb|WP_011544653)	53.0	83	39	0	1	83	217	299	4.78e-21	85.1
OG_83	VFG016373(gb|WP_001108298)	38.7	468	286	1	1	468	1	467	9.45e-111	335
OG_83	VFG019125(gb|WP_001085099)	43.4	463	255	3	1	460	1	459	1.10e-106	325
OG_128	VFG001937(gb|YP_002344529)	48.5	33	16	1	73	105	3	34	5.73e-06	43.1
OG_128	VFG001939(gb|YP_002344531)	46.9	32	16	1	74	105	4	34	2.72e-05	41.2
OG_128	VFG001968(gb|YP_002344823)	46.9	32	16	1	74	105	4	34	6.95e-05	40.0
