OG_002043	Ref_Epa_from_V583|AAB_000108	100	603	0	0	1	603	1	603	0.0	1150	603	604
OG_002044	Ref_Epa_from_V583|AAB_000109	100	321	0	0	1	321	1	321	1.50e-231	628	321	322
OG_002044	Ref_Epa_from_V583|AAB_000136	26.1	333	210	12	1	312	1	318	2.16e-21	90.5	321	343
OG_002045	Ref_Epa_from_V583|AAB_000110	100	473	0	0	1	473	1	473	0.0	879	473	474
OG_002046	Ref_Epa_from_V583|AAB_000111	100	323	0	0	1	323	1	323	9.46e-236	639	323	324
OG_002046	Ref_Epa_from_V583|AAB_000139	28.8	226	123	7	8	220	3	203	1.17e-16	75.5	323	238
OG_002047	Ref_Epa_from_V583|AAB_000112	100	274	0	0	1	274	1	274	2.55e-213	578	274	275
OG_002047	Ref_Epa_from_V583|AAB_000119	30.3	267	171	7	6	267	9	265	1.57e-22	91.7	274	283
OG_002048	Ref_Epa_from_V583|AAB_000113	100	475	0	0	1	475	1	475	0.0	902	475	476
OG_002049	Ref_Epa_from_V583|AAB_000114	100	324	0	0	1	324	1	324	2.41e-234	635	324	325
OG_002049	Ref_Epa_from_V583|AAB_000120	33.2	193	118	5	4	193	6	190	6.09e-22	90.5	324	253
OG_002049	Ref_Epa_from_V583|AAB_000125	47.6	105	51	4	2	102	554	658	5.34e-21	91.3	324	1048
OG_002049	Ref_Epa_from_V583|AAB_000124	32.3	217	133	9	2	212	180	388	6.73e-20	87.8	324	714
OG_002050	Ref_Epa_from_V583|AAB_000115	100	352	0	0	1	352	1	352	4.69e-262	707	352	353
OG_002050	Ref_Epa_from_V583|AAB_000136	22.9	332	226	11	28	345	2	317	4.79e-19	84.3	352	343
OG_002051	Ref_Epa_from_V583|AAB_000116	100	234	0	0	1	234	1	234	1.15e-171	469	234	235
OG_002052	Ref_Epa_from_V583|AAB_000117	100	392	0	0	1	392	1	392	4.74e-289	779	392	393
OG_002052	Ref_Epa_from_V583|AAB_000129	100	392	0	0	1	392	1	392	4.74e-289	779	392	393
OG_002052	Ref_Epa_from_V583|AAB_000131	25.9	378	271	5	6	377	10	384	1.91e-45	158	392	391
OG_002053	Ref_Epa_from_V583|AAB_000118	100	893	0	0	1	893	1	893	0.0	1643	893	894
OG_002054	Ref_Epa_from_V583|AAB_000119	100	282	0	0	1	282	1	282	4.61e-220	595	282	283
OG_002054	Ref_Epa_from_V583|AAB_000112	30.3	267	171	7	9	265	6	267	1.17e-22	92.0	282	275
OG_002055	Ref_Epa_from_V583|AAB_000120	100	252	0	0	1	252	1	252	5.27e-186	507	252	253
OG_002055	Ref_Epa_from_V583|AAB_000114	32.1	218	133	7	6	211	4	218	2.55e-23	94.0	252	325
OG_002055	Ref_Epa_from_V583|AAB_000124	37.0	108	66	2	6	111	182	289	1.25e-14	70.5	252	714
OG_002055	Ref_Epa_from_V583|AAB_000139	24.0	204	146	6	5	202	1	201	2.33e-13	65.1	252	238
OG_002055	Ref_Epa_from_V583|AAB_000125	27.1	210	146	5	6	210	556	763	2.71e-13	66.6	252	1048
OG_002056	Ref_Epa_from_V583|AAB_000121	100	465	0	0	1	465	1	465	0.0	869	465	466
OG_002057	Ref_Epa_from_V583|AAB_000122	100	433	0	0	1	433	1	433	3.11e-308	831	433	434
OG_002058	Ref_Epa_from_V583|AAB_000123	100	656	0	0	1	656	1	656	0.0	1292	656	657
OG_002059	Ref_Epa_from_V583|AAB_000124	100	713	0	0	1	713	1	713	0.0	1432	713	714
OG_002059	Ref_Epa_from_V583|AAB_000125	36.2	696	393	12	5	699	399	1044	2.43e-130	409	713	1048
OG_002059	Ref_Epa_from_V583|AAB_000114	32.5	212	129	9	180	383	2	207	1.12e-19	88.2	713	325
OG_002059	Ref_Epa_from_V583|AAB_000120	37.0	108	66	2	182	289	6	111	2.66e-14	70.9	713	253
OG_002060	Ref_Epa_from_V583|AAB_000125	100	1047	0	0	1	1047	1	1047	0.0	2081	1047	1048
OG_002060	Ref_Epa_from_V583|AAB_000124	36.5	704	380	14	399	1044	5	699	9.37e-131	410	1047	714
OG_002060	Ref_Epa_from_V583|AAB_000114	47.6	105	51	4	554	658	2	102	1.75e-20	91.3	1047	325
OG_002060	Ref_Epa_from_V583|AAB_000120	35.6	104	65	2	556	659	6	107	3.76e-12	65.1	1047	253
OG_002061	Ref_Epa_from_V583|AAB_000126	100	405	0	0	1	405	1	405	9.79e-300	807	405	406
OG_002061	Ref_Epa_from_V583|AAB_000096	27.9	219	144	2	43	248	318	535	5.18e-21	92.4	405	569
OG_002061	Ref_Epa_from_V583|AAB_000027	26.0	312	183	10	42	332	20	304	1.70e-18	83.6	405	357
OG_002061	Ref_Epa_from_V583|AAB_000020	21.5	195	138	4	42	222	21	214	1.95e-11	61.2	405	250
OG_002062	Ref_Epa_from_V583|AAB_000127	100	264	0	0	1	264	1	264	7.08e-181	495	264	265
OG_002063	Ref_Epa_from_V583|AAB_000128	100	113	0	0	1	113	1	113	3.75e-66	192	113	114
OG_002065	Ref_Epa_from_V583|AAB_000130	100	83	0	0	1	83	1	83	8.00e-54	159	83	84
OG_002066	Ref_Epa_from_V583|AAB_000131	100	390	0	0	1	390	1	390	5.08e-283	764	390	391
OG_002066	Ref_Epa_from_V583|AAB_000117	25.9	378	271	5	10	384	6	377	5.40e-43	152	390	393
OG_002066	Ref_Epa_from_V583|AAB_000129	25.9	378	271	5	10	384	6	377	5.40e-43	152	390	393
OG_002067	Ref_Epa_from_V583|AAB_000132	100	234	0	0	1	234	1	234	5.63e-163	447	234	235
OG_002068	Ref_Epa_from_V583|AAB_000133	100	121	0	0	1	121	1	121	2.02e-76	219	121	122
OG_002069	Ref_Epa_from_V583|AAB_000134	100	241	0	0	1	241	1	241	1.19e-172	472	241	242
OG_002070	Ref_Epa_from_V583|AAB_000135	100	280	0	0	1	280	1	280	3.46e-205	558	280	281
OG_002071	Ref_Epa_from_V583|AAB_000136	100	342	0	0	1	342	1	342	7.17e-261	704	342	343
OG_002071	Ref_Epa_from_V583|AAB_000109	26.1	333	210	12	1	318	1	312	8.97e-22	91.7	342	322
OG_002071	Ref_Epa_from_V583|AAB_000115	22.9	332	226	11	2	317	28	345	2.92e-18	82.0	342	353
OG_002072	Ref_Epa_from_V583|AAB_000137	100	190	0	0	1	190	1	190	1.05e-143	395	190	191
OG_002073	Ref_Epa_from_V583|AAB_000138	100	288	0	0	1	288	1	288	2.44e-209	569	288	289
OG_002074	Ref_Epa_from_V583|AAB_000139	100	237	0	0	1	237	1	237	6.14e-173	473	237	238
OG_002074	Ref_Epa_from_V583|AAB_000111	28.1	256	145	8	3	232	8	250	9.37e-18	78.2	237	324
OG_002074	Ref_Epa_from_V583|AAB_000120	24.0	204	146	6	1	201	5	202	5.61e-13	63.9	237	253
OG_002075	Ref_Epa_from_V583|AAB_000140	100	275	0	0	1	275	1	275	7.22e-200	544	275	276
OG_002076	Ref_Epa_from_V583|AAB_000141	100	260	0	0	1	260	1	260	9.48e-193	525	260	261
OG_002077	Ref_Epa_from_V583|AAB_000142	100	378	0	0	5	382	1	378	5.20e-255	692	382	379
OG_002078	Ref_Epa_from_V583|AAB_000143	100	302	0	0	1	302	1	302	2.47e-200	547	302	303
OG_002079	Ref_Epa_from_V583|AAB_000144	100	254	0	0	1	254	1	254	8.81e-195	529	254	255
