OG_002043	t12|AAA_000124	94.2	603	35	0	1	603	1	603	0.0	1087	603	604
OG_002044	t12|AAA_000125	96.9	321	10	0	1	321	1	321	1.27e-223	608	321	322
OG_002045	t12|AAA_000126	96.2	365	14	0	109	473	1	365	5.56e-231	635	473	366
OG_002045	t12|AAA_000127	98.6	74	1	0	1	74	1	74	5.77e-44	146	473	75
OG_002046	t12|AAA_000128	97.7	257	6	0	67	323	1	257	2.10e-182	501	323	258
OG_002046	t12|AAA_000129	96.9	64	2	0	1	64	1	64	8.10e-36	121	323	65
OG_002046	t12|AAA_000166	28.4	229	126	7	8	223	3	206	2.20e-16	74.7	323	238
OG_002047	t12|AAA_000130	99.3	272	2	0	1	272	1	272	5.37e-210	569	274	273
OG_002048	t12|AAA_000131	98.7	475	6	0	1	475	1	475	0.0	890	475	476
OG_002049	t12|AAA_000132	96.2	212	8	0	1	212	1	212	6.13e-146	407	324	213
OG_002049	t12|AAA_000141	33.3	189	115	5	4	189	6	186	3.05e-21	88.6	324	253
OG_002049	t12|AAA_000149	48.5	97	47	3	2	95	554	650	3.18e-20	89.0	324	1048
OG_002050	t12|AAA_000134	95.8	189	8	0	1	189	1	189	3.79e-132	372	352	190
OG_002050	t12|AAA_000133	98.5	137	2	0	216	352	1	137	8.77e-92	268	352	138
OG_002051	t12|AAA_000135	98.7	234	3	0	1	234	1	234	3.16e-169	463	234	235
OG_002052	t12|AAA_000154	96.2	392	15	0	1	392	1	392	6.09e-276	746	392	393
OG_002052	t12|AAA_000136	96.7	211	7	0	1	211	1	211	3.04e-144	405	392	212
OG_002052	t12|AAA_000137	96.5	170	6	0	223	392	1	170	1.15e-113	327	392	186
OG_002052	t12|AAA_000156	25.7	335	240	5	6	334	10	341	2.14e-37	135	392	342
OG_002053	t12|AAA_000138	98.3	893	15	0	1	893	1	893	0.0	1612	893	894
OG_002054	t12|AAA_000139	96.2	185	7	0	98	282	1	185	2.36e-133	372	282	186
OG_002054	t12|AAA_000140	98.5	66	1	0	19	84	1	66	7.99e-49	154	282	67
OG_002054	t12|AAA_000130	29.7	266	174	6	9	265	6	267	5.75e-22	90.1	282	273
OG_002055	t12|AAA_000141	95.2	252	12	0	1	252	1	252	4.99e-175	479	252	253
OG_002055	t12|AAA_000132	32.1	193	120	5	6	190	4	193	1.47e-20	84.3	252	213
OG_002055	t12|AAA_000166	24.0	204	146	6	5	202	1	201	2.33e-13	65.1	252	238
OG_002055	t12|AAA_000149	25.8	213	145	6	6	210	556	763	7.14e-12	62.4	252	1048
OG_002056	t12|AAA_000143	98.8	248	3	0	1	248	1	248	4.99e-163	457	465	249
OG_002056	t12|AAA_000142	97.4	193	5	0	273	465	1	193	1.19e-125	360	465	194
OG_002057	t12|AAA_000144	96.5	433	15	0	1	433	1	433	2.95e-294	796	433	450
OG_002058	t12|AAA_000146	96.6	324	11	0	1	324	1	324	6.33e-218	607	656	325
OG_002058	t12|AAA_000145	97.8	270	6	0	387	656	1	270	1.72e-186	525	656	271
OG_002059	t12|AAA_000147	97.6	499	12	0	215	713	1	499	0.0	983	713	500
OG_002059	t12|AAA_000148	99.5	188	1	0	1	188	1	188	1.72e-126	371	713	189
OG_002059	t12|AAA_000149	35.2	696	400	12	5	699	399	1044	9.37e-122	386	713	1048
OG_002059	t12|AAA_000132	31.3	217	135	9	180	388	2	212	1.08e-18	82.8	713	213
OG_002059	t12|AAA_000141	38.0	92	55	2	182	273	6	95	1.18e-13	68.9	713	253
OG_002060	t12|AAA_000149	97.0	1047	31	0	1	1047	1	1047	0.0	2013	1047	1048
OG_002060	t12|AAA_000147	37.4	486	273	7	589	1044	1	485	1.21e-91	299	1047	500
OG_002060	t12|AAA_000132	44.8	105	54	4	554	658	2	102	6.85e-19	84.0	1047	213
OG_002060	t12|AAA_000148	28.6	192	101	7	399	562	5	188	1.09e-11	62.4	1047	189
OG_002060	t12|AAA_000141	33.7	104	67	2	556	659	6	107	1.66e-11	63.2	1047	253
OG_002061	t12|AAA_000150	97.0	405	12	0	1	405	1	405	2.27e-289	781	405	406
OG_002061	t12|AAA_000110	26.4	208	140	1	43	237	197	404	6.22e-17	79.3	405	405
OG_002061	t12|AAA_000027	21.5	195	138	4	42	222	21	214	5.91e-12	62.8	405	250
OG_002062	t12|AAA_000151	97.1	171	5	0	94	264	1	171	2.45e-118	333	264	172
OG_002062	t12|AAA_000152	81.8	88	16	0	1	88	1	88	9.35e-43	138	264	89
OG_002063	t12|AAA_000153	97.3	113	3	0	1	113	1	113	3.60e-64	187	113	114
OG_002065	t12|AAA_000155	96.3	54	2	0	1	54	1	54	5.60e-31	100	83	55
OG_002066	t12|AAA_000156	97.1	341	10	0	1	341	1	341	5.70e-236	643	390	342
OG_002066	t12|AAA_000154	25.2	377	273	5	11	384	7	377	4.00e-38	139	390	393
OG_002066	t12|AAA_000136	27.9	204	144	3	10	212	6	207	1.40e-24	97.8	390	212
OG_002067	t12|AAA_000157	95.1	143	7	0	85	227	1	143	2.49e-90	260	234	144
OG_002067	t12|AAA_000158	97.0	67	2	0	1	67	1	67	6.11e-40	129	234	68
OG_002068	t12|AAA_000159	96.5	86	3	0	36	121	1	86	7.60e-49	148	121	87
OG_002069	t12|AAA_000160	98.8	241	3	0	1	241	1	241	1.62e-170	467	241	242
OG_002070	t12|AAA_000161	97.5	280	7	0	1	280	1	280	1.84e-200	546	280	281
OG_002071	t12|AAA_000162	96.2	237	9	0	106	342	1	237	2.39e-172	476	342	238
OG_002071	t12|AAA_000163	96.9	96	3	0	1	96	1	96	1.13e-61	189	342	97
OG_002071	t12|AAA_000125	26.9	335	205	14	1	318	1	312	3.86e-20	87.0	342	322
OG_002072	t12|AAA_000164	97.9	190	4	0	1	190	1	190	1.38e-139	384	190	191
OG_002073	t12|AAA_000165	97.2	288	8	0	1	288	1	288	2.93e-201	548	288	289
OG_002074	t12|AAA_000166	98.3	237	4	0	1	237	1	237	3.41e-170	466	237	238
OG_002074	t12|AAA_000141	23.6	237	161	9	1	231	5	227	3.67e-12	61.6	237	253
OG_002075	t12|AAA_000167	98.2	275	5	0	1	275	1	275	1.56e-194	530	275	276
OG_002076	t12|AAA_000168	96.2	260	10	0	1	260	1	260	1.89e-183	501	260	261
OG_002077	t12|AAA_000169	96.8	378	12	0	5	382	1	378	1.02e-245	669	382	379
OG_002078	t12|AAA_000170	96.1	256	10	0	1	256	1	256	8.87e-160	443	302	257
OG_002079	t12|AAA_000172	96.1	155	6	0	1	155	1	155	7.56e-109	308	254	156
OG_002079	t12|AAA_000171	97.4	76	2	0	179	254	1	76	3.48e-51	159	254	77
