OG_002043	t16|ABA_000159	84.6	221	34	0	152	372	1	221	1.07e-119	351	603	222
OG_002043	t16|ABA_000160	84.0	119	19	0	22	140	1	119	5.70e-64	203	603	120
OG_002043	t16|ABA_000157	91.2	91	8	0	512	602	2	92	1.65e-48	161	603	94
OG_002043	t16|ABA_000158	87.1	70	9	0	377	446	1	70	3.86e-34	121	603	71
OG_002045	t16|ABA_000161	91.9	284	23	0	1	284	1	284	7.44e-176	492	473	285
OG_002046	t16|ABA_000163	87.9	58	7	0	67	124	1	58	1.01e-30	108	323	59
OG_002046	t16|ABA_000162	88.9	54	6	0	187	240	1	54	5.28e-29	103	323	55
OG_002046	t16|ABA_000164	85.9	64	9	0	1	64	1	64	7.21e-28	100	323	65
OG_002046	t16|ABA_000211	27.8	216	116	6	8	213	3	188	1.74e-12	62.8	323	194
OG_002047	t16|ABA_000166	87.0	154	20	0	18	171	1	154	3.76e-95	274	274	155
OG_002047	t16|ABA_000165	88.2	76	9	0	178	253	1	76	8.37e-49	154	274	77
OG_002048	t16|ABA_000167	88.3	444	52	0	32	475	1	444	2.35e-266	728	475	445
OG_002049	t16|ABA_000169	93.1	217	15	0	1	217	1	217	2.32e-142	398	324	218
OG_002049	t16|ABA_000168	87.3	63	8	0	233	295	1	63	7.49e-33	114	324	65
OG_002050	t16|ABA_000170	86.3	249	34	0	103	351	1	249	1.33e-149	419	352	251
OG_002051	t16|ABA_000171	90.6	234	22	0	1	234	4	237	3.06e-154	425	234	238
OG_002052	t16|ABA_000200	88.5	226	26	0	162	387	1	226	4.01e-141	398	392	227
OG_002052	t16|ABA_000173	85.4	178	26	0	100	277	1	178	3.93e-105	305	392	179
OG_002052	t16|ABA_000199	90.8	152	14	0	1	152	1	152	1.58e-95	280	392	153
OG_002052	t16|ABA_000174	79.2	101	21	0	292	392	1	101	2.64e-48	157	392	102
OG_002052	t16|ABA_000172	84.9	86	13	0	1	86	1	86	3.06e-45	148	392	87
OG_002052	t16|ABA_000201	23.9	364	268	5	6	363	10	370	5.42e-36	133	392	391
OG_002053	t16|ABA_000176	83.3	174	29	0	320	493	2	175	2.38e-101	310	893	176
OG_002053	t16|ABA_000177	86.9	160	21	0	138	297	1	160	3.14e-85	267	893	162
OG_002053	t16|ABA_000175	89.6	96	10	0	580	675	1	96	4.74e-55	182	893	102
OG_002053	t16|ABA_000179	87.8	41	5	0	11	51	42	82	3.23e-14	66.2	893	83
OG_002054	t16|ABA_000179	92.5	40	3	0	1	40	1	40	8.37e-19	76.6	282	83
OG_002055	t16|ABA_000180	91.3	103	9	0	109	211	1	103	5.73e-63	190	252	104
OG_002055	t16|ABA_000181	85.1	47	7	0	61	107	1	47	8.94e-23	85.5	252	48
OG_002055	t16|ABA_000169	30.8	195	120	5	6	190	4	193	2.18e-22	89.4	252	218
OG_002055	t16|ABA_000211	27.4	106	76	1	5	110	1	105	7.11e-11	57.4	252	194
OG_002056	t16|ABA_000183	90.2	112	11	0	34	145	2	113	4.56e-61	192	465	124
OG_002057	t16|ABA_000184	89.1	138	15	0	295	432	1	138	1.02e-78	238	433	140
OG_002057	t16|ABA_000185	86.8	129	17	0	136	264	3	131	1.60e-72	221	433	132
OG_002058	t16|ABA_000189	89.7	145	15	0	1	145	1	145	1.56e-81	251	656	146
OG_002058	t16|ABA_000187	87.0	146	19	0	389	534	1	146	9.20e-76	236	656	147
OG_002058	t16|ABA_000186	86.0	121	17	0	536	656	1	121	4.23e-70	221	656	122
OG_002058	t16|ABA_000188	86.0	129	18	0	164	292	1	129	3.14e-68	216	656	130
OG_002059	t16|ABA_000191	87.2	304	39	0	287	590	5	308	2.18e-188	534	713	309
OG_002059	t16|ABA_000192	89.6	230	24	0	1	230	1	230	8.21e-140	407	713	231
OG_002059	t16|ABA_000193	33.5	415	229	9	269	670	1	381	9.91e-60	204	713	406
OG_002059	t16|ABA_000190	87.1	101	13	0	613	713	1	101	1.09e-53	177	713	102
OG_002059	t16|ABA_000194	33.7	205	104	5	49	247	8	186	1.06e-26	105	713	187
OG_002059	t16|ABA_000169	32.3	217	133	10	180	388	2	212	3.54e-19	84.3	713	218
OG_002060	t16|ABA_000193	86.7	405	54	0	643	1047	1	405	1.09e-246	698	1047	406
OG_002060	t16|ABA_000194	89.2	185	20	0	437	621	2	186	2.92e-106	327	1047	187
OG_002060	t16|ABA_000191	31.6	294	170	6	657	924	1	289	5.14e-37	139	1047	309
OG_002060	t16|ABA_000192	30.7	225	136	4	399	603	5	229	2.78e-26	105	1047	231
OG_002060	t16|ABA_000195	90.7	43	4	0	1	43	1	43	3.43e-19	79.3	1047	45
OG_002060	t16|ABA_000169	43.8	105	55	4	554	658	2	102	5.63e-19	84.3	1047	218
OG_002061	t16|ABA_000197	87.6	210	26	0	124	333	43	252	2.60e-127	365	405	253
OG_002061	t16|ABA_000196	86.2	58	8	0	348	405	1	58	2.06e-29	106	405	59
OG_002062	t16|ABA_000197	80.9	47	9	0	18	64	1	47	1.68e-16	74.3	264	253
OG_002063	t16|ABA_000198	89.4	113	12	0	1	113	1	113	7.47e-57	169	113	114
OG_002066	t16|ABA_000201	92.1	390	31	0	1	390	1	390	3.21e-254	691	390	391
OG_002066	t16|ABA_000200	24.5	220	159	4	167	384	2	216	6.01e-16	73.9	390	227
OG_002066	t16|ABA_000173	22.6	177	135	2	106	282	4	178	1.02e-14	69.3	390	179
OG_002067	t16|ABA_000202	96.2	52	2	0	183	234	76	127	2.37e-27	99.4	234	128
OG_002069	t16|ABA_000203	93.1	102	7	0	1	102	1	102	1.54e-62	188	241	103
OG_002069	t16|ABA_000202	71.0	93	24	1	136	225	1	93	3.13e-39	130	241	128
OG_002070	t16|ABA_000205	88.4	198	23	0	19	216	1	198	1.65e-124	350	280	199
OG_002070	t16|ABA_000204	89.7	29	3	0	252	280	1	29	2.15e-11	55.1	280	30
OG_002071	t16|ABA_000207	84.6	136	21	0	1	136	1	136	2.78e-80	238	342	137
OG_002071	t16|ABA_000206	87.2	125	16	0	167	291	1	125	2.04e-77	231	342	126
OG_002072	t16|ABA_000209	90.7	97	9	0	1	97	115	211	3.50e-58	179	190	212
OG_002072	t16|ABA_000208	88.3	60	7	0	131	190	1	60	4.04e-34	113	190	61
OG_002073	t16|ABA_000210	90.9	175	16	0	1	175	1	175	8.11e-110	313	288	176
OG_002073	t16|ABA_000209	86.2	109	15	0	180	288	1	109	3.82e-59	185	288	212
OG_002074	t16|ABA_000211	85.5	193	28	0	1	193	1	193	3.60e-116	327	237	194
OG_002075	t16|ABA_000213	93.3	90	6	0	1	90	8	97	1.71e-53	166	275	98
OG_002075	t16|ABA_000212	87.5	88	11	0	95	182	1	88	1.39e-47	151	275	89
OG_002076	t16|ABA_000214	87.6	170	21	0	76	245	1	170	2.26e-101	290	260	171
OG_002077	t16|ABA_000215	86.0	363	51	0	5	367	1	363	4.22e-202	558	382	364
OG_002078	t16|ABA_000217	90.4	146	14	0	35	180	2	147	2.12e-80	238	302	148
OG_002078	t16|ABA_000216	91.6	107	9	0	196	302	1	107	3.98e-58	179	302	108
OG_002079	t16|ABA_000219	93.9	115	7	0	1	115	1	115	5.19e-79	231	254	116
OG_002079	t16|ABA_000218	90.2	102	10	0	153	254	2	103	3.26e-65	196	254	104
