OG_002043	t19|AAR_000168	92.6	271	20	0	333	603	1	271	1.38e-170	483	603	272
OG_002043	t19|AAR_000169	91.8	244	20	0	1	244	1	244	1.17e-154	441	603	245
OG_002044	t19|AAR_000170	88.2	321	38	0	1	321	1	321	5.26e-200	548	321	322
OG_002044	t19|AAR_000223	23.7	333	218	12	1	312	1	318	1.50e-18	82.4	321	343
OG_002045	t19|AAR_000173	89.1	183	20	0	7	189	1	183	5.04e-106	310	473	184
OG_002045	t19|AAR_000171	87.1	171	22	0	274	444	1	171	1.28e-89	268	473	172
OG_002045	t19|AAR_000172	81.8	44	8	0	198	241	1	44	2.20e-14	64.7	473	45
OG_002046	t19|AAR_000174	92.8	83	6	0	241	323	1	83	3.30e-47	151	323	84
OG_002046	t19|AAR_000175	85.1	74	11	0	84	157	1	74	1.05e-39	132	323	75
OG_002046	t19|AAR_000176	91.0	67	6	0	1	67	1	67	2.25e-36	123	323	68
OG_002046	t19|AAR_000226	32.2	118	75	2	8	124	3	116	6.42e-11	58.2	323	188
OG_002047	t19|AAR_000177	87.7	106	13	0	148	253	1	106	1.15e-68	205	274	107
OG_002047	t19|AAR_000178	90.6	96	9	0	18	113	1	96	8.91e-61	185	274	97
OG_002048	t19|AAR_000179	92.3	182	14	0	294	475	1	182	2.59e-106	311	475	183
OG_002048	t19|AAR_000180	86.0	114	16	0	166	279	1	114	6.67e-60	189	475	115
OG_002049	t19|AAR_000182	92.2	232	18	0	1	232	1	232	1.69e-150	419	324	233
OG_002049	t19|AAR_000181	92.3	65	5	0	260	324	1	65	1.19e-34	119	324	75
OG_002049	t19|AAR_000204	47.1	104	51	4	2	101	110	213	3.20e-20	88.2	324	449
OG_002049	t19|AAR_000201	31.3	211	133	9	2	207	72	275	3.87e-18	80.5	324	284
OG_002050	t19|AAR_000184	83.8	117	19	0	38	154	1	117	2.39e-63	195	352	119
OG_002050	t19|AAR_000183	90.0	90	9	0	216	305	1	90	1.78e-49	158	352	91
OG_002050	t19|AAR_000185	97.1	35	1	0	1	35	190	224	2.36e-16	74.7	352	225
OG_002051	t19|AAR_000185	91.8	184	15	0	51	234	1	184	5.42e-122	343	234	225
OG_002052	t19|AAR_000186	90.3	277	27	0	1	277	1	277	9.89e-178	493	392	278
OG_002052	t19|AAR_000214	89.4	246	26	0	1	246	1	246	2.58e-156	437	392	247
OG_002052	t19|AAR_000187	88.1	101	12	0	292	392	1	101	6.44e-53	169	392	102
OG_002052	t19|AAR_000216	23.1	376	284	4	6	377	10	384	1.99e-35	131	392	391
OG_002053	t19|AAR_000188	89.9	306	31	0	588	893	2	307	4.44e-194	555	893	308
OG_002053	t19|AAR_000189	90.2	194	19	0	390	583	1	194	3.07e-116	350	893	195
OG_002053	t19|AAR_000190	90.6	159	15	0	228	386	1	159	2.30e-98	301	893	160
OG_002053	t19|AAR_000191	87.4	191	24	0	10	200	41	231	2.42e-59	199	893	232
OG_002054	t19|AAR_000191	75.0	48	12	0	1	48	1	48	2.39e-17	76.6	282	232
OG_002055	t19|AAR_000192	92.4	198	15	0	55	252	1	198	5.53e-132	368	252	199
OG_002055	t19|AAR_000182	37.8	90	55	1	6	95	4	92	3.52e-15	70.1	252	233
OG_002055	t19|AAR_000201	37.0	108	66	2	6	111	74	181	4.69e-15	70.5	252	284
OG_002055	t19|AAR_000226	26.9	108	78	1	5	112	1	107	3.79e-12	60.8	252	188
OG_002055	t19|AAR_000204	33.7	92	59	2	6	95	112	203	9.83e-12	61.6	252	449
OG_002056	t19|AAR_000194	90.5	378	36	0	1	378	1	378	4.22e-227	625	465	379
OG_002056	t19|AAR_000193	88.1	59	7	0	407	465	1	59	5.46e-28	103	465	60
OG_002057	t19|AAR_000196	91.2	319	28	0	1	319	7	325	4.53e-203	561	433	326
OG_002057	t19|AAR_000195	91.9	111	9	0	323	433	1	111	7.07e-62	193	433	112
OG_002058	t19|AAR_000199	91.1	257	23	0	1	257	1	257	1.16e-160	459	656	258
OG_002058	t19|AAR_000198	88.0	259	31	0	283	541	1	259	5.79e-151	434	656	260
OG_002058	t19|AAR_000197	90.4	114	11	0	543	656	1	114	1.30e-69	219	656	115
OG_002059	t19|AAR_000200	88.6	308	35	0	406	713	1	308	1.93e-194	549	713	309
OG_002059	t19|AAR_000201	93.3	283	19	0	109	391	1	283	1.75e-188	533	713	284
OG_002059	t19|AAR_000204	42.2	377	197	4	163	539	93	448	1.72e-100	313	713	449
OG_002059	t19|AAR_000202	89.4	104	11	0	1	104	1	104	1.70e-55	182	713	105
OG_002059	t19|AAR_000182	40.2	97	55	3	180	276	2	95	1.06e-14	71.6	713	233
OG_002060	t19|AAR_000204	90.2	448	44	0	445	892	1	448	2.43e-291	814	1047	449
OG_002060	t19|AAR_000208	86.8	159	21	0	1	159	1	159	4.41e-90	282	1047	160
OG_002060	t19|AAR_000201	54.4	228	102	1	538	763	56	283	7.54e-84	270	1047	284
OG_002060	t19|AAR_000205	91.5	94	8	0	334	427	1	94	9.19e-53	176	1047	95
OG_002060	t19|AAR_000203	86.6	97	13	0	897	993	1	97	1.08e-50	171	1047	98
OG_002060	t19|AAR_000206	84.7	59	9	0	255	313	1	59	1.59e-25	97.8	1047	60
OG_002060	t19|AAR_000207	97.7	44	1	0	200	243	1	44	8.58e-24	92.4	1047	45
OG_002060	t19|AAR_000182	41.9	105	57	4	554	658	2	102	6.10e-16	75.9	1047	233
OG_002060	t19|AAR_000200	24.2	297	192	7	778	1044	1	294	1.66e-12	67.0	1047	309
OG_002061	t19|AAR_000210	89.4	208	22	0	115	322	1	208	2.51e-131	373	405	209
OG_002061	t19|AAR_000211	94.9	79	4	0	17	95	1	79	5.01e-44	145	405	80
OG_002061	t19|AAR_000209	85.5	76	11	0	330	405	1	76	7.44e-42	139	405	77
OG_002062	t19|AAR_000212	85.8	197	28	0	68	264	1	197	1.75e-117	332	264	198
OG_002063	t19|AAR_000213	92.9	113	8	0	1	113	1	113	4.70e-60	177	113	114
OG_002065	t19|AAR_000215	89.2	83	9	0	1	83	1	83	7.14e-48	144	83	84
OG_002066	t19|AAR_000216	89.7	390	40	0	1	390	1	390	2.16e-252	686	390	391
OG_002066	t19|AAR_000214	27.8	230	163	3	10	238	6	233	2.53e-28	108	390	247
OG_002066	t19|AAR_000186	25.1	275	201	4	10	282	6	277	1.71e-26	104	390	278
OG_002067	t19|AAR_000218	91.2	171	15	0	1	171	1	171	9.18e-104	295	234	172
OG_002067	t19|AAR_000217	86.8	53	7	0	182	234	1	53	1.16e-24	90.1	234	54
OG_002068	t19|AAR_000219	82.6	86	15	0	36	121	1	86	2.70e-42	132	121	87
OG_002068	t19|AAR_000220	96.9	32	1	0	1	32	1	32	1.27e-14	60.5	121	33
OG_002069	t19|AAR_000221	90.9	241	22	0	1	241	1	241	2.32e-154	426	241	242
OG_002070	t19|AAR_000222	91.4	280	24	0	1	280	1	280	1.86e-184	505	280	281
OG_002071	t19|AAR_000223	90.6	342	32	0	1	342	1	342	1.32e-231	630	342	343
OG_002071	t19|AAR_000170	23.1	333	218	15	1	317	1	311	2.45e-11	61.2	342	322
OG_002072	t19|AAR_000224	92.6	121	9	0	58	178	1	121	2.59e-81	234	190	123
OG_002073	t19|AAR_000225	89.7	224	23	0	26	249	1	224	3.72e-143	399	288	225
OG_002074	t19|AAR_000226	91.4	187	16	0	1	187	1	187	6.75e-122	342	237	188
OG_002075	t19|AAR_000227	91.8	170	14	0	106	275	1	170	1.39e-108	309	275	171
OG_002075	t19|AAR_000228	94.9	78	4	0	1	78	1	78	4.15e-47	149	275	79
OG_002076	t19|AAR_000229	91.8	208	17	0	1	208	1	208	1.44e-136	380	260	209
OG_002077	t19|AAR_000230	90.3	382	37	0	1	382	1	382	2.75e-228	625	382	383
OG_002078	t19|AAR_000231	92.4	302	23	0	1	302	2	303	6.97e-182	501	302	304
OG_002079	t19|AAR_000232	93.0	187	13	0	1	187	1	187	2.34e-131	366	254	188
