OG_002043	t21|AAS_000151	94.2	295	17	0	152	446	1	295	7.59e-184	518	603	296
OG_002043	t21|AAS_000150	94.5	145	8	0	459	603	1	145	7.27e-88	266	603	146
OG_002043	t21|AAS_000152	89.1	119	13	0	22	140	1	119	8.08e-69	216	603	120
OG_002044	t21|AAS_000154	91.8	134	11	0	94	227	1	134	2.26e-86	253	321	135
OG_002044	t21|AAS_000153	89.0	82	9	0	230	311	1	82	1.90e-45	147	321	83
OG_002044	t21|AAS_000200	23.7	333	218	11	1	312	1	318	6.99e-18	80.5	321	343
OG_002045	t21|AAS_000155	94.9	473	24	0	1	473	1	473	6.99e-307	831	473	474
OG_002046	t21|AAS_000157	94.3	157	9	0	1	157	1	157	7.57e-103	296	323	158
OG_002046	t21|AAS_000156	93.4	137	9	0	187	323	1	137	4.67e-87	255	323	138
OG_002046	t21|AAS_000202	27.9	226	125	6	8	220	3	203	6.82e-15	70.5	323	238
OG_002047	t21|AAS_000158	92.4	236	18	0	18	253	1	236	1.98e-167	460	274	237
OG_002047	t21|AAS_000173	29.3	266	175	6	6	267	9	265	1.57e-22	91.7	274	283
OG_002048	t21|AAS_000160	92.4	341	26	0	1	341	1	341	1.73e-217	600	475	342
OG_002048	t21|AAS_000159	94.0	133	8	0	343	475	1	133	3.86e-75	229	475	134
OG_002049	t21|AAS_000162	95.9	217	9	0	1	217	1	217	1.55e-147	411	324	218
OG_002049	t21|AAS_000161	93.4	91	6	0	233	323	1	91	1.58e-53	168	324	93
OG_002049	t21|AAS_000186	44.8	105	54	4	2	102	110	214	2.16e-18	83.2	324	604
OG_002050	t21|AAS_000163	91.6	249	21	0	103	351	1	249	1.55e-162	452	352	251
OG_002051	t21|AAS_000164	94.4	234	13	0	1	234	1	234	4.62e-162	445	234	235
OG_002052	t21|AAS_000194	91.6	226	19	0	162	387	1	226	3.34e-147	414	392	227
OG_002052	t21|AAS_000166	90.4	178	17	0	100	277	1	178	6.33e-114	327	392	179
OG_002052	t21|AAS_000193	94.1	152	9	0	1	152	1	152	9.12e-100	290	392	153
OG_002052	t21|AAS_000167	85.1	101	15	0	292	392	1	101	2.93e-54	172	392	102
OG_002052	t21|AAS_000195	24.3	378	277	5	6	377	10	384	1.08e-39	143	392	391
OG_002052	t21|AAS_000165	90.5	63	6	0	1	63	1	63	3.41e-33	116	392	64
OG_002053	t21|AAS_000168	93.9	314	19	0	580	893	1	314	1.81e-211	599	893	315
OG_002053	t21|AAS_000169	90.3	165	16	0	329	493	1	165	1.48e-103	315	893	166
OG_002053	t21|AAS_000170	94.4	160	9	0	138	297	1	160	7.54e-96	295	893	162
OG_002053	t21|AAS_000172	90.2	51	5	0	1	51	1	51	2.09e-20	82.8	893	52
OG_002054	t21|AAS_000173	93.6	281	18	0	1	281	1	281	3.71e-201	548	282	283
OG_002054	t21|AAS_000158	34.7	121	73	3	22	140	2	118	2.56e-11	59.7	282	237
OG_002055	t21|AAS_000174	95.1	144	7	0	109	252	1	144	1.38e-94	271	252	145
OG_002055	t21|AAS_000175	94.3	53	3	0	55	107	1	53	1.56e-29	103	252	54
OG_002055	t21|AAS_000162	31.1	193	122	5	6	190	4	193	4.23e-22	88.6	252	218
OG_002055	t21|AAS_000202	23.0	204	148	6	5	202	1	201	2.86e-12	62.0	252	238
OG_002055	t21|AAS_000186	33.7	104	67	2	6	107	112	215	3.67e-11	60.1	252	604
OG_002056	t21|AAS_000177	91.7	193	16	0	273	465	1	193	5.82e-116	336	465	194
OG_002056	t21|AAS_000179	95.8	165	7	0	1	165	1	165	1.15e-100	296	465	166
OG_002056	t21|AAS_000178	91.8	61	5	0	203	263	1	61	6.14e-30	108	465	62
OG_002057	t21|AAS_000180	92.6	432	32	0	1	432	1	432	3.94e-279	758	433	434
OG_002058	t21|AAS_000182	90.3	360	35	0	175	534	1	360	1.02e-223	624	656	361
OG_002058	t21|AAS_000183	93.8	145	9	0	1	145	1	145	1.44e-86	265	656	146
OG_002058	t21|AAS_000181	90.4	114	11	0	543	656	1	114	3.77e-68	215	656	115
OG_002059	t21|AAS_000184	92.5	479	36	0	235	713	1	479	0.0	887	713	480
OG_002059	t21|AAS_000185	92.2	230	18	0	1	230	1	230	3.14e-145	421	713	231
OG_002059	t21|AAS_000186	33.7	644	376	11	56	698	6	599	2.17e-111	347	713	604
OG_002059	t21|AAS_000162	32.7	217	132	10	180	388	2	212	3.54e-19	84.3	713	218
OG_002060	t21|AAS_000186	92.7	603	44	0	445	1047	1	603	0.0	1107	1047	604
OG_002060	t21|AAS_000187	94.0	318	19	0	102	419	1	318	1.30e-205	590	1047	319
OG_002060	t21|AAS_000184	35.0	471	265	9	609	1044	1	465	5.85e-72	244	1047	480
OG_002060	t21|AAS_000185	33.9	230	122	7	399	603	5	229	2.80e-28	111	1047	231
OG_002060	t21|AAS_000188	90.9	44	4	0	1	44	1	44	9.86e-20	80.9	1047	45
OG_002060	t21|AAS_000162	43.8	105	55	4	554	658	2	102	7.64e-19	84.0	1047	218
OG_002061	t21|AAS_000190	94.5	182	10	0	152	333	1	182	2.79e-119	342	405	183
OG_002061	t21|AAS_000189	93.1	58	4	0	348	405	1	58	2.72e-32	114	405	59
OG_002061	t21|AAS_000041	23.8	227	151	4	42	249	20	243	5.29e-15	72.4	405	291
OG_002062	t21|AAS_000191	88.9	63	7	0	1	63	1	63	1.32e-30	107	264	79
OG_002063	t21|AAS_000192	90.3	113	11	0	1	113	1	113	1.11e-58	174	113	114
OG_002066	t21|AAS_000195	94.9	390	20	0	1	390	1	390	9.86e-265	717	390	391
OG_002066	t21|AAS_000166	24.3	177	132	2	106	282	4	178	3.01e-18	79.3	390	179
OG_002066	t21|AAS_000194	24.1	220	160	3	167	384	2	216	6.92e-17	76.6	390	227
OG_002066	t21|AAS_000193	25.2	143	106	1	13	154	9	151	4.58e-13	63.9	390	153
OG_002067	t21|AAS_000196	98.1	52	1	0	183	234	76	127	7.71e-29	103	234	128
OG_002069	t21|AAS_000197	96.1	102	4	0	1	102	1	102	1.42e-65	196	241	103
OG_002069	t21|AAS_000196	78.5	93	17	1	136	225	1	93	2.98e-45	145	241	128
OG_002070	t21|AAS_000199	94.4	198	11	0	19	216	1	198	1.80e-135	378	280	199
OG_002070	t21|AAS_000198	91.3	46	4	0	235	280	1	46	1.49e-22	85.5	280	47
OG_002071	t21|AAS_000200	91.8	341	28	0	1	341	1	341	6.41e-239	648	342	343
OG_002072	t21|AAS_000201	92.6	190	14	0	1	190	294	483	2.89e-128	367	190	484
OG_002073	t21|AAS_000201	95.5	288	13	0	1	288	1	288	4.26e-194	538	288	484
OG_002074	t21|AAS_000202	95.4	237	11	0	1	237	1	237	2.12e-164	451	237	238
OG_002074	t21|AAS_000157	33.1	118	74	2	3	116	8	124	3.52e-12	60.1	237	158
OG_002075	t21|AAS_000203	93.7	158	10	0	106	263	1	158	6.44e-102	291	275	159
OG_002075	t21|AAS_000204	96.2	78	3	0	1	78	1	78	7.33e-48	151	275	79
OG_002076	t21|AAS_000205	94.2	260	15	0	1	260	1	260	1.01e-178	489	260	261
OG_002077	t21|AAS_000206	93.2	368	25	0	5	372	1	368	2.71e-227	622	382	369
OG_002078	t21|AAS_000207	95.4	302	14	0	1	302	1	302	3.28e-189	519	302	303
OG_002079	t21|AAS_000208	93.3	254	17	0	1	254	1	254	3.27e-181	495	254	255
