OG_58	html.2020//ISEf1	93.0	86	6	0	1	86	1	86	1.03e-51	164
OG_58	html.2020//ISEfm2	76.7	86	20	0	1	86	1	86	4.10e-43	141
OG_58	html.2020//ISLgar5	76.7	86	20	0	1	86	1	86	4.42e-43	141
OG_58	html.2020//ISSne1	70.9	86	25	0	1	86	1	86	1.10e-38	130
OG_58	html.2020//ISEfa13	71.8	85	24	0	1	85	1	85	1.99e-38	129
OG_58	html.2020//ISBame1	67.4	86	28	0	1	86	1	86	1.70e-36	124
OG_58	html.2020//IS1201	50.6	85	42	0	1	85	1	85	4.55e-27	99.0
OG_58	html.2020//IS905	52.9	85	40	0	1	85	1	85	1.10e-26	98.2
OG_58	html.2020//IS1191	52.9	85	40	0	1	85	1	85	1.53e-26	97.8
OG_58	html.2020//ISSag11	52.9	85	40	0	1	85	1	85	2.13e-26	97.4
OG_58	html.2020//ISSdy3	50.6	85	42	0	1	85	12	96	8.66e-26	95.9
OG_58	html.2020//ISLdl2	48.2	85	44	0	1	85	1	85	2.95e-25	94.4
OG_58	html.2020//ISTwi1	40.0	70	42	0	17	86	23	92	1.36e-13	62.0
OG_58	html.2020//ISCob1	35.2	71	46	0	16	86	23	93	3.10e-12	58.2
OG_58	html.2020//ISCbe6	35.2	71	46	0	16	86	23	93	4.24e-12	57.8
OG_58	html.2020//ISDet4	30.0	70	49	0	17	86	30	99	9.67e-11	53.9
OG_58	html.2020//ISCARN40	35.3	68	44	0	19	86	30	97	1.31e-10	53.5
OG_58	html.2020//ISXax1	35.8	67	43	0	19	85	30	96	1.80e-10	53.1
OG_58	html.2020//IS2606	35.8	67	42	1	21	86	59	125	1.82e-10	53.1
OG_58	html.2020//ISPa46	37.1	70	40	1	16	85	31	96	6.30e-10	51.6
OG_58	html.2020//ISCbo4	34.5	87	54	2	3	86	10	96	1.61e-09	50.4
OG_58	html.2020//ISPa1328	37.5	72	41	1	14	85	29	96	3.01e-09	49.7
OG_58	html.2020//ISCcl1	51.2	43	21	0	44	86	50	92	4.11e-09	49.3
OG_58	html.2020//ISCpe3	37.2	78	45	2	9	85	17	91	5.62e-09	48.9
OG_58	html.2020//ISLmo12	35.2	54	35	0	33	86	44	97	6.14e-07	43.1
OG_23	html.2020//IS256	99.0	390	4	0	1	390	1	390	2.63e-280	757
OG_23	html.2020//ISEnfa4	91.8	390	32	0	1	390	1	390	2.31e-258	702
OG_23	html.2020//IS1542	86.7	390	52	0	1	390	1	390	1.45e-245	669
OG_23	html.2020//IS16	58.1	391	162	2	1	389	1	391	2.02e-157	446
OG_23	html.2020//ISPeth3	45.1	388	209	3	1	387	1	385	4.17e-112	332
OG_23	html.2020//ISCARN59	43.5	372	203	3	12	378	3	372	4.13e-97	293
OG_23	html.2020//ISCARN55	43.6	369	200	6	20	386	18	380	3.33e-93	283
OG_23	html.2020//ISCARN27	40.8	365	211	4	24	387	23	383	1.62e-89	273
OG_23	html.2020//ISRm5	40.1	367	215	4	24	389	22	384	4.43e-86	265
OG_23	html.2020//ISCARN68	38.8	369	220	4	23	390	21	384	4.82e-85	262
OG_23	html.2020//ISKol5	38.4	362	213	4	27	387	19	371	7.69e-84	258
OG_23	html.2020//ISCth5	39.9	376	220	4	13	385	10	382	5.53e-83	257
OG_23	html.2020//ISTsu1	41.6	363	208	4	24	385	23	382	2.68e-82	255
OG_23	html.2020//ISMma16	35.8	386	231	6	7	383	9	386	3.18e-78	244
OG_23	html.2020//ISMbu6	39.5	372	211	5	16	383	7	368	3.76e-78	243
OG_23	html.2020//IS1245	37.4	358	220	3	32	387	30	385	4.59e-76	239
OG_23	html.2020//ISFac7	36.9	382	224	6	14	390	10	379	1.69e-75	237
OG_23	html.2020//ISDha1	41.9	322	182	4	67	387	65	382	2.51e-75	237
OG_23	html.2020//IS1311	37.4	366	225	3	24	387	36	399	2.73e-75	238
OG_23	html.2020//ISEae1	37.2	366	217	5	23	383	18	375	3.95e-75	236
OG_23	html.2020//ISSpma2	38.7	367	220	5	13	378	8	370	6.68e-74	233
OG_23	html.2020//ISPebe1	36.1	385	241	5	6	389	1	381	8.43e-74	233
OG_23	html.2020//ISMco4	34.7	369	223	5	27	390	19	374	6.35e-73	230
OG_23	html.2020//ISMex14	39.7	353	208	4	27	378	22	370	6.98e-73	231
OG_23	html.2020//ISAli7	35.6	379	239	4	6	383	1	375	1.38e-72	230
OG_94	html.2020//ISEf1	73.3	45	12	0	1	45	233	277	3.08e-16	67.4
OG_94	html.2020//ISEfm2	71.1	45	13	0	1	45	233	277	4.23e-16	67.0
OG_94	html.2020//ISLgar5	60.0	45	18	0	1	45	233	277	2.28e-13	59.3
OG_94	html.2020//ISSne1	45.8	48	23	1	1	45	230	277	1.33e-08	45.8
OG_20	html.2020//ISEf1	100	387	0	0	1	387	1	387	1.65e-285	770
OG_20	html.2020//ISEfm2	90.4	387	37	0	1	387	1	387	2.41e-262	712
OG_20	html.2020//ISLgar5	75.4	386	95	0	1	386	1	386	4.79e-217	597
OG_20	html.2020//ISEfa13	72.0	386	107	1	1	386	1	385	4.32e-209	577
OG_20	html.2020//ISSne1	66.9	387	128	0	1	387	1	387	1.04e-194	541
OG_20	html.2020//ISBame1	68.0	381	122	0	1	381	1	381	8.17e-194	538
OG_20	html.2020//IS1310	57.3	386	165	0	1	386	1	386	2.91e-160	453
OG_20	html.2020//IS1191	52.3	386	184	0	1	386	1	386	3.79e-141	405
OG_20	html.2020//ISSdy3	51.0	386	189	0	1	386	12	397	5.50e-141	405
OG_20	html.2020//IS905	52.3	386	184	0	1	386	1	386	7.61e-141	404
OG_20	html.2020//ISSag11	50.5	386	191	0	1	386	1	386	3.30e-137	395
OG_20	html.2020//ISLdl2	48.6	387	198	1	1	386	1	387	1.28e-134	388
OG_20	html.2020//IS1201	50.4	361	178	1	1	360	1	361	1.18e-129	375
OG_20	html.2020//ISHahy7	43.3	372	209	2	17	386	14	385	2.23e-104	311
OG_20	html.2020//IS654	35.3	374	235	3	15	386	11	379	2.25e-86	265
OG_20	html.2020//ISCbe6	36.4	374	235	3	16	387	23	395	5.06e-80	249
OG_20	html.2020//ISCob1	36.8	361	226	2	16	374	23	383	3.13e-78	244
OG_20	html.2020//ISTwi1	34.9	373	240	3	17	387	23	394	2.58e-76	239
OG_20	html.2020//ISDet4	33.2	352	232	3	17	365	30	381	3.38e-72	229
OG_20	html.2020//ISXax1	33.6	339	224	1	19	356	30	368	5.86e-72	228
OG_20	html.2020//ISCcl1	35.9	348	220	3	42	387	48	394	4.63e-70	223
OG_20	html.2020//ISSod18	32.2	348	230	3	15	360	25	368	1.34e-68	219
OG_20	html.2020//ISPa46	33.0	342	224	2	16	356	31	368	8.47e-68	218
OG_20	html.2020//ISPa1328	33.1	344	225	2	14	356	29	368	1.19e-67	217
OG_20	html.2020//ISTth5	29.7	390	254	5	1	386	1	374	7.07e-67	214
OG_86	html.2020//ISEf1	94.2	69	4	0	1	69	1	69	9.68e-40	132
OG_86	html.2020//ISEfm2	79.7	69	14	0	1	69	1	69	3.61e-33	114
OG_86	html.2020//ISLgar5	79.7	69	14	0	1	69	1	69	3.81e-33	114
OG_86	html.2020//ISEfa13	71.0	69	20	0	1	69	1	69	3.85e-29	103
OG_86	html.2020//ISSne1	72.5	69	19	0	1	69	1	69	2.12e-28	102
OG_86	html.2020//ISBame1	69.6	69	21	0	1	69	1	69	1.09e-27	100
OG_86	html.2020//IS905	53.6	69	32	0	1	69	1	69	4.47e-20	79.3
OG_86	html.2020//IS1191	53.6	69	32	0	1	69	1	69	6.15e-20	79.0
OG_86	html.2020//ISSag11	53.6	69	32	0	1	69	1	69	8.47e-20	78.6
OG_86	html.2020//ISSdy3	49.3	69	35	0	1	69	12	80	1.55e-18	75.1
OG_86	html.2020//ISLdl2	49.3	69	35	0	1	69	1	69	7.37e-18	73.2
OG_60	html.2020//ISEf1	97.1	69	2	0	1	69	1	69	6.46e-41	135
OG_60	html.2020//ISEfm2	81.2	69	13	0	1	69	1	69	3.47e-34	117
OG_60	html.2020//ISLgar5	81.2	69	13	0	1	69	1	69	3.67e-34	117
OG_60	html.2020//ISEfa13	72.5	69	19	0	1	69	1	69	7.35e-30	105
OG_60	html.2020//ISSne1	72.5	69	19	0	1	69	1	69	1.10e-28	102
OG_60	html.2020//ISBame1	69.6	69	21	0	1	69	1	69	5.64e-28	100
OG_60	html.2020//IS1310	59.4	69	28	0	1	69	1	69	2.48e-21	82.8
OG_60	html.2020//IS905	53.6	69	32	0	1	69	1	69	6.15e-20	79.0
OG_60	html.2020//IS1191	53.6	69	32	0	1	69	1	69	8.47e-20	78.6
OG_60	html.2020//ISSag11	53.6	69	32	0	1	69	1	69	1.17e-19	78.2
OG_60	html.2020//ISSdy3	49.3	69	35	0	1	69	12	80	2.12e-18	74.7
OG_60	html.2020//ISLdl2	49.3	69	35	0	1	69	1	69	7.37e-18	73.2
OG_52	html.2020//ISEf1	82.8	64	11	0	1	64	1	64	1.64e-30	107
OG_52	html.2020//ISEfm2	70.3	64	19	0	1	64	1	64	3.25e-26	95.9
OG_52	html.2020//ISLgar5	70.3	64	19	0	1	64	1	64	3.36e-26	95.9
OG_52	html.2020//ISEfa13	64.1	64	23	0	1	64	1	64	3.98e-22	84.7
OG_52	html.2020//ISSne1	62.5	64	24	0	1	64	1	64	1.41e-20	80.5
OG_52	html.2020//ISBame1	57.8	64	27	0	1	64	1	64	1.32e-19	77.8
OG_52	html.2020//IS2606	34.9	63	37	1	3	61	37	99	1.46e-04	35.4
OG_53	html.2020//ISEf1	93.8	178	11	0	1	178	100	277	2.16e-118	338
OG_53	html.2020//ISEfm2	88.2	178	21	0	1	178	100	277	2.53e-112	323
OG_53	html.2020//ISLgar5	70.2	178	53	0	1	178	100	277	3.17e-91	269
OG_53	html.2020//ISEfa13	65.2	178	62	0	1	178	100	277	2.01e-85	254
OG_53	html.2020//ISSne1	63.5	178	65	0	1	178	100	277	6.59e-85	253
OG_53	html.2020//ISBame1	64.0	178	64	0	1	178	100	277	1.28e-84	252
OG_53	html.2020//IS1310	55.1	178	80	0	1	178	100	277	2.21e-68	211
OG_53	html.2020//IS1201	48.9	178	91	0	1	178	100	277	2.79e-61	192
OG_53	html.2020//ISLdl2	46.1	178	96	0	1	178	100	277	2.79e-60	190
OG_53	html.2020//IS1191	47.8	178	93	0	1	178	100	277	2.64e-57	182
OG_53	html.2020//IS905	47.8	178	93	0	1	178	100	277	3.73e-57	182
OG_53	html.2020//ISSdy3	46.6	178	95	0	1	178	111	288	1.35e-56	181
OG_53	html.2020//ISSag11	44.9	178	98	0	1	178	100	277	5.02e-54	174
OG_53	html.2020//IS654	38.2	178	110	0	1	178	92	269	2.55e-46	154
OG_53	html.2020//ISTth5	33.5	179	117	1	1	177	84	262	2.36e-35	125
OG_53	html.2020//ISRta2	33.1	175	116	1	5	178	122	296	1.49e-34	123
OG_53	html.2020//IS1090	32.0	175	118	1	5	178	119	293	5.39e-34	122
OG_53	html.2020//IS1356	33.1	175	116	1	5	178	115	289	1.90e-33	120
OG_53	html.2020//ISCni1	33.0	179	119	1	1	178	79	257	1.95e-33	119
OG_53	html.2020//ISRle12	34.9	175	113	1	5	178	105	279	6.15e-33	119
OG_53	html.2020//ISCbe6	35.2	179	115	1	1	178	107	285	6.77e-33	119
OG_53	html.2020//ISCARN45	33.7	175	115	1	5	178	126	300	2.24e-32	117
OG_53	html.2020//ISKol2	32.4	179	120	1	1	178	106	284	2.45e-32	117
OG_53	html.2020//ISNGR8	33.7	175	115	1	5	178	106	280	3.23e-32	117
OG_53	html.2020//ISRso7	30.9	175	120	1	5	178	119	293	3.98e-32	117
OG_42	html.2020//ISEf1	95.0	101	5	0	1	101	292	392	4.73e-62	191
OG_42	html.2020//ISEfm2	87.1	101	13	0	1	101	292	392	4.11e-57	178
OG_42	html.2020//ISEfa13	66.7	99	32	1	1	99	292	389	1.24e-39	133
OG_42	html.2020//ISLgar5	66.7	99	33	0	3	101	294	392	1.40e-39	133
OG_42	html.2020//ISBame1	65.3	98	34	0	2	99	293	390	3.10e-36	124
OG_42	html.2020//ISSne1	61.9	97	37	0	3	99	294	390	4.81e-34	118
OG_42	html.2020//IS1310	52.6	95	45	0	5	99	296	390	5.28e-29	105
OG_42	html.2020//IS905	55.1	98	44	0	2	99	293	390	1.98e-28	103
OG_42	html.2020//IS1191	55.1	98	44	0	2	99	293	390	2.75e-28	103
OG_42	html.2020//ISSag11	55.1	98	44	0	2	99	293	390	5.32e-28	102
OG_42	html.2020//ISSdy3	53.1	98	46	0	2	99	304	401	4.27e-27	100
OG_42	html.2020//ISHahy7	38.4	99	60	1	4	101	293	391	2.10e-15	67.8
OG_42	html.2020//IS1201	47.8	67	34	1	4	69	295	361	1.48e-12	59.7
OG_42	html.2020//ISCbo4	41.2	68	39	1	3	69	305	372	2.24e-10	53.5
OG_42	html.2020//ISPa46	39.7	63	37	1	4	65	306	368	1.99e-09	50.8
OG_42	html.2020//ISCARN40	33.3	78	51	1	4	80	283	360	2.69e-09	50.4
OG_42	html.2020//ISPa1328	39.7	63	37	1	4	65	306	368	2.71e-09	50.4
OG_42	html.2020//ISXax1	36.5	63	39	1	4	65	306	368	2.41e-08	47.8
OG_42	html.2020//ISSod18	31.8	66	44	1	5	69	303	368	2.13e-07	45.1
OG_42	html.2020//ISBli19	38.3	47	29	0	23	69	342	388	1.91e-06	42.4
OG_42	html.2020//IS1113	34.3	70	42	2	5	73	291	357	1.66e-05	39.7
OG_42	html.2020//ISMlu11	27.7	65	46	1	23	86	341	405	3.81e-04	35.8
OG_42	html.2020//ISAar6	40.0	35	21	0	25	59	355	389	3.82e-04	35.8
