OG_2	VIMSS356322	98.9	279	3	0	1	279	189	467	1.35e-183	516
OG_2	WP_002391475.1	34.7	265	151	6	9	265	205	455	9.96e-34	131
OG_72	VIMSS356333	61.5	109	11	1	1	78	283	391	1.71e-34	127
OG_72	WP_002364384.1	60.6	109	12	1	1	78	283	391	1.12e-33	124
OG_72	WP_149113283.1	49.2	61	31	0	1	61	291	351	3.61e-14	69.3
OG_72	VIMSS1206030	49.2	61	31	0	1	61	341	401	6.43e-11	60.1
OG_72	VIMSS334087	39.3	61	37	0	1	61	1128	1188	1.33e-08	53.5
OG_72	WP_227028673.1	51.1	47	23	0	5	51	318	364	3.33e-08	52.4
OG_72	WP_015087877.1	52.2	46	22	0	5	50	330	375	1.17e-07	50.8
OG_72	WP_015452749.1	45.6	57	31	0	5	61	174	230	4.04e-07	49.3
OG_72	WP_211218761.1	36.5	52	33	0	5	56	830	881	2.44e-05	44.3
OG_72	WP_004844496.1	37.7	61	37	1	2	61	387	447	3.28e-05	43.9
OG_67	VIMSS356341	94.3	53	3	0	1	53	182	234	1.09e-27	102
OG_82	VIMSS356349	97.4	78	2	0	1	78	1	78	4.46e-47	154
OG_82	WP_002413364.1	96.2	78	3	0	1	78	1	78	3.58e-46	151
OG_71	VIMSS356334	79.8	114	11	1	1	102	200	313	5.47e-50	172
OG_71	WP_002356902.1	78.9	114	12	1	1	102	200	313	7.46e-50	172
OG_46	VIMSS356335	97.8	89	2	0	3	91	317	405	2.44e-58	187
OG_35	VIMSS356351	97.6	378	9	0	1	378	1	378	3.83e-246	675
OG_35	WP_002286457.1	58.2	368	154	0	6	373	5	372	1.08e-137	400
OG_35	VIMSS329843	56.8	347	148	2	6	351	4	349	1.78e-120	356
OG_35	VIMSS2127422	51.2	377	158	2	15	365	21	397	2.23e-116	348
OG_35	VIMSS7781556	49.0	365	176	2	15	369	15	379	3.84e-102	310
OG_35	VIMSS928366	48.2	365	179	2	15	369	14	378	1.86e-101	308
OG_35	Q8CZF2	47.9	361	178	3	15	365	15	375	1.80e-96	296
OG_35	VIMSS157183	49.1	344	169	3	13	356	7	344	3.86e-95	291
OG_35	VIMSS663381	49.4	338	165	3	19	356	13	344	8.76e-94	288
OG_35	Q8E7L8	44.1	374	193	3	16	376	16	386	1.18e-91	283
OG_35	Q9A1G6	44.0	364	193	2	17	369	17	380	2.91e-90	280
OG_35	WP_039811425.1	45.8	349	179	4	9	355	3	343	3.60e-89	276
OG_35	VIMSS10174346	44.3	345	185	4	16	360	10	347	4.11e-84	263
OG_35	VIMSS158741	42.8	341	189	2	15	355	9	343	2.31e-82	258
OG_35	VIMSS664938	42.8	341	189	2	15	355	9	343	4.61e-82	258
OG_35	VIMSS5629178	42.0	345	192	2	16	355	7	348	7.80e-78	247
OG_35	VIMSS1289230	41.8	340	191	4	15	354	10	342	4.21e-74	237
OG_35	WP_000258150.1	41.8	340	191	4	15	354	10	342	4.21e-74	237
OG_35	metacyc::MONOMER-19967	40.7	349	195	6	7	349	4	346	2.05e-73	236
OG_35	NP_391433.1	40.7	349	195	6	7	349	4	346	2.89e-73	235
OG_35	VIMSS642917	41.7	350	196	5	15	361	12	356	3.13e-72	233
OG_35	WP_003346511.1	41.7	355	199	4	7	360	4	351	9.32e-72	231
OG_35	WP_005544775.1	39.8	354	188	7	22	357	20	366	1.18e-67	221
OG_35	VIMSS186232	34.6	306	188	5	16	313	12	313	6.42e-36	137
OG_35	VIMSS1749527	36.3	314	167	10	17	301	46	355	3.42e-33	131
OG_41	VIMSS356321	98.3	236	4	0	1	236	18	253	9.26e-178	492
OG_41	VIMSS116736	33.3	240	141	5	2	236	19	244	3.00e-31	119
OG_41	VIMSS134036	32.1	246	138	9	2	236	19	246	1.05e-27	110
OG_41	VIMSS5756437	31.7	246	139	9	2	236	19	246	4.23e-26	105
OG_41	WP_005795218.1	29.8	235	145	4	4	234	25	243	3.35e-24	100
OG_41	BRENDA::B0URY8	28.6	241	151	7	2	236	19	244	4.60e-22	95.1
OG_41	VIMSS2324061	28.8	243	143	7	2	236	19	239	8.31e-21	91.7
OG_41	VIMSS7878	28.2	245	147	8	2	236	19	244	4.62e-18	84.3
OG_41	VIMSS2061741	27.7	253	146	7	4	236	44	279	5.32e-16	79.3
OG_41	WP_001076784.1	27.7	242	154	10	6	236	24	255	7.80e-13	70.1
OG_41	VIMSS10327201	32.3	124	70	3	6	125	123	236	4.94e-10	62.8
OG_41	BRENDA::C4TGF1	27.9	244	121	13	6	235	22	224	2.32e-09	60.1
OG_41	WP_005896272.1	26.5	238	145	9	3	234	21	234	2.38e-09	60.1
OG_7	VIMSS356325	98.3	234	4	0	1	234	1	234	4.44e-166	461
OG_7	metacyc::MONOMER-17174	47.0	230	117	4	3	229	3	230	2.90e-64	203
OG_7	VIMSS3790331	33.8	234	151	3	2	233	3	234	2.51e-40	142
OG_7	VIMSS276035	30.4	230	157	2	5	233	6	233	5.42e-32	120
OG_7	VIMSS330734	29.4	228	153	5	1	224	1	224	7.19e-26	104
OG_7	metacyc::MONOMER-19969	29.6	233	158	4	1	229	1	231	2.16e-25	103
OG_7	Q8Y832	27.3	227	160	3	1	224	1	225	1.68e-23	98.2
OG_7	VIMSS313111	28.9	228	156	4	1	224	1	226	6.71e-23	96.7
OG_7	VIMSS663501	29.1	227	156	3	1	224	1	225	3.51e-22	94.7
OG_7	WP_000638475.1	27.2	228	160	4	1	224	1	226	2.66e-21	92.4
OG_7	VIMSS919985	26.1	234	167	4	1	230	1	232	3.71e-21	92.0
OG_7	VIMSS665548	26.8	228	161	4	1	224	1	226	1.41e-20	90.5
OG_7	VIMSS911714	27.5	229	160	4	6	230	6	232	5.31e-20	89.0
OG_7	SwissProt::Q48230	30.3	221	147	5	5	222	9	225	1.65e-19	90.5
OG_7	VIMSS2018025	29.5	237	154	7	1	229	1	232	7.22e-18	83.2
OG_7	SwissProt::Q48154	28.5	221	151	5	5	222	9	225	4.25e-17	83.6
OG_7	biolip::2vsiB	28.8	236	151	7	1	229	2	227	1.67e-15	76.6
OG_7	A4D126	30.3	185	119	5	2	179	47	228	5.41e-15	77.4
OG_7	Q5RJG7	28.3	184	124	3	2	179	45	226	6.15e-14	74.3
OG_7	XP_011242209.2	28.3	184	124	3	2	179	45	226	6.52e-14	74.3
OG_7	NP_001094887.1	32.1	134	83	3	2	129	47	178	7.44e-14	73.9
OG_7	biolip::4cvhA	29.3	167	108	5	20	179	17	180	3.59e-10	63.2
OG_76	WP_014525033.1	96.0	200	8	0	1	200	1	200	2.19e-69	229
OG_76	VIMSS356327	96.0	200	8	0	1	200	1	200	5.13e-69	229
OG_76	WP_014334925.1	68.6	35	11	0	166	200	861	895	9.33e-06	49.7
OG_76	WP_013852013.1	65.7	35	12	0	166	200	786	820	7.46e-05	47.0
OG_76	VIMSS10396070	65.7	35	12	0	166	200	786	820	7.46e-05	47.0
OG_76	WP_014620169.1	65.7	35	12	0	166	200	788	822	7.46e-05	47.0
OG_76	WP_009854465.1	65.7	35	12	0	166	200	788	822	7.46e-05	47.0
OG_44	VIMSS356334	87.1	140	5	1	2	128	898	1037	1.47e-69	229
OG_44	WP_002356902.1	86.4	140	6	1	2	128	898	1037	5.28e-69	227
OG_85	VIMSS356322	91.2	57	5	0	1	57	411	467	2.80e-25	99.4
OG_3	Q832Q0	100	92	0	0	1	92	233	324	6.68e-56	178
OG_13	VIMSS356331	97.5	433	11	0	1	433	1	433	1.49e-296	807
OG_13	WP_002356908.1	97.0	433	13	0	1	433	1	433	3.51e-295	804
OG_47	VIMSS356319	86.4	44	6	0	1	44	198	241	1.56e-14	68.6
OG_24	VIMSS356341	96.5	171	6	0	1	171	1	171	5.38e-107	308
OG_12	WP_002356909.1	98.1	465	9	0	1	465	1	465	1.27e-311	848
OG_12	WP_002359907.1	95.9	463	19	0	1	463	1	463	7.15e-302	823
OG_12	WP_002289073.1	67.0	446	147	0	1	446	1	446	3.96e-205	578
OG_12	VIMSS7619286	58.1	449	188	0	1	449	1	449	8.42e-186	530
OG_12	VIMSS612097	51.2	447	218	0	4	450	3	449	4.76e-154	449
OG_12	VIMSS66231	53.2	171	79	1	274	443	17	187	5.05e-55	186
OG_12	VIMSS2093220	31.9	361	198	6	101	437	99	435	3.54e-51	183
OG_12	VIMSS1244959	32.2	351	210	6	101	437	99	435	2.59e-50	181
OG_12	VIMSS10349546	31.9	351	211	6	101	437	99	435	9.75e-50	179
OG_12	WP_011101302.1	45.6	182	99	0	252	433	37	218	2.00e-48	169
OG_12	VIMSS7019928	46.5	185	96	1	252	433	270	454	4.85e-48	175
OG_12	VIMSS1754366	46.6	193	101	2	238	429	262	453	1.39e-46	171
OG_12	VIMSS1145609	49.7	183	88	2	254	433	287	468	1.43e-46	171
OG_12	VIMSS1271035	46.7	184	95	1	253	433	270	453	1.79e-46	171
OG_12	BRENDA::Q7BG44	44.1	213	117	2	220	430	249	461	2.21e-46	171
OG_12	WP_032126221.1	41.5	207	120	1	225	430	250	456	1.44e-45	168
OG_12	VIMSS367113	45.0	191	102	1	253	440	239	429	3.60e-45	166
OG_12	WP_072729001.1	44.2	206	113	2	227	430	253	458	5.56e-45	167
OG_12	F9UQ51	43.1	188	107	0	253	440	34	221	1.13e-44	159
OG_12	VIMSS330976	43.1	188	107	0	253	440	36	223	1.20e-44	159
OG_12	B3FN88	47.9	192	96	2	252	440	233	423	4.44e-44	163
OG_12	WP_046824981.1	43.6	225	120	3	213	434	241	461	5.21e-43	161
OG_12	WP_014225139.1	43.6	225	120	3	213	434	241	461	5.21e-43	161
OG_12	WP_029257822.1	38.4	216	129	1	229	440	4	219	8.39e-43	154
OG_12	VIMSS209685	44.7	190	102	1	254	440	295	484	9.89e-43	161
OG_84	WP_002356909.1	88.1	59	7	0	1	59	407	465	2.37e-27	105
OG_84	WP_002359907.1	74.6	59	15	0	1	59	407	465	1.56e-20	86.3
OG_84	VIMSS612097	70.7	41	12	0	1	41	406	446	2.90e-11	60.1
OG_84	WP_002289073.1	67.5	40	13	0	1	40	407	446	6.62e-10	56.2
OG_25	VIMSS356342	96.5	86	3	0	1	86	36	121	2.18e-45	145
OG_25	WP_002356898.1	90.1	81	8	0	1	81	36	116	9.02e-37	123
OG_25	VIMSS929579	31.4	70	48	0	7	76	41	110	6.69e-04	39.3
OG_56	WP_002356909.1	88.5	61	7	0	1	61	203	263	3.78e-29	110
OG_56	WP_002359907.1	88.5	61	7	0	1	61	203	263	3.78e-29	110
OG_56	WP_002289073.1	55.7	61	27	0	1	61	203	263	2.39e-17	77.4
OG_56	VIMSS7619286	48.3	58	30	0	4	61	206	263	3.95e-13	65.5
OG_48	WP_002356898.1	91.9	37	3	0	1	37	1	37	5.02e-15	65.9
OG_48	VIMSS356342	91.9	37	3	0	1	37	1	37	5.65e-15	65.9
OG_58	VIMSS356326	93.0	86	6	0	1	86	1	86	1.33e-49	164
OG_58	VIMSS112437	76.7	86	20	0	1	86	1	86	5.69e-41	141
OG_58	WP_038702803.1	67.1	85	28	0	1	85	1	85	5.98e-34	123
OG_58	P35880	50.6	85	42	0	1	85	1	85	5.86e-25	99.0
OG_58	P35881	52.9	85	40	0	1	85	1	85	1.42e-24	98.2
OG_58	WP_014621681.1	52.9	85	40	0	1	85	1	85	1.99e-24	97.8
OG_58	VIMSS275100	52.9	85	40	0	1	85	1	85	2.74e-24	97.4
OG_58	VIMSS846360	30.0	70	49	0	17	86	30	99	1.24e-08	53.9
OG_58	VIMSS1180646	35.8	67	43	0	19	85	30	96	2.32e-08	53.1
OG_23	WP_000195429.1	99.0	390	4	0	1	390	1	390	3.38e-278	757
OG_23	WP_002296840.1	58.1	391	162	2	1	389	1	391	2.60e-155	446
OG_23	WP_023483236.1	43.6	388	215	3	1	387	1	385	6.75e-105	318
OG_23	VIMSS131375	40.1	367	215	4	24	389	22	384	1.61e-83	263
OG_23	VIMSS121854	40.3	340	199	3	24	362	22	358	3.42e-76	245
OG_23	VIMSS2229244	37.4	358	220	3	32	387	44	399	8.67e-74	239
OG_23	VIMSS534785	37.4	366	225	3	24	387	22	385	2.39e-73	238
OG_23	VIMSS1227158	41.9	322	182	4	67	387	65	382	3.23e-73	237
OG_23	VIMSS2232065	37.4	366	225	3	24	387	36	399	3.51e-73	238
OG_23	VIMSS536086	37.4	366	225	3	24	387	22	385	4.76e-73	237
OG_23	WP_033722227.1	37.2	358	221	3	32	387	30	385	6.52e-73	236
OG_23	VIMSS35414	36.5	367	228	5	24	387	22	386	1.68e-69	228
OG_23	WP_017682404.1	36.7	365	226	4	25	387	23	384	5.52e-69	226
OG_23	VIMSS844512	37.3	362	223	4	24	383	24	383	2.82e-68	224
OG_23	WP_087534779.1	34.5	385	246	6	6	389	1	380	1.51e-67	222
OG_23	VIMSS4212643	33.2	376	245	5	14	387	10	381	7.91e-67	220
OG_23	WP_009882371.1	34.0	374	235	5	24	387	25	396	1.52e-63	213
OG_23	VIMSS541470	34.8	391	249	5	1	389	1	387	2.38e-63	212
OG_23	VIMSS2100835	34.8	391	249	5	1	389	1	387	2.38e-63	212
OG_23	P24575	34.2	371	233	7	24	389	23	387	2.71e-57	195
OG_23	VIMSS1748734	35.1	333	209	5	1	331	1	328	3.15e-56	192
OG_23	VIMSS2230719	42.7	232	132	1	32	262	44	275	9.65e-55	186
OG_23	P35881	31.0	355	234	7	23	373	19	366	1.07e-52	183
OG_23	WP_014621681.1	30.1	355	237	7	23	373	19	366	1.73e-50	177
OG_23	VIMSS34439	36.6	262	164	2	1	261	1	261	5.36e-46	162
OG_51	VIMSS356322	92.9	253	18	0	9	261	1	253	5.14e-157	448
OG_51	WP_002391475.1	33.5	242	155	4	20	256	15	255	3.14e-36	137
OG_10	VIMSS356328	97.7	222	5	0	1	222	61	282	5.19e-164	457
OG_10	VIMSS134109	52.1	219	103	2	1	219	59	275	9.61e-77	236
OG_10	VIMSS116736	28.2	216	131	8	1	206	58	259	1.47e-09	60.5
OG_10	VIMSS7878	47.2	53	26	1	160	210	213	265	8.03e-08	55.5
OG_10	VIMSS356321	27.9	215	140	7	1	205	58	267	7.13e-07	52.8
OG_10	VIMSS2324061	37.3	51	32	0	162	212	210	260	1.52e-04	45.8
OG_69	VIMSS356333	94.8	230	12	0	1	230	1	230	1.85e-148	433
OG_69	WP_002364384.1	94.3	230	13	0	1	230	1	230	2.62e-148	433
OG_69	WP_002356902.1	33.8	225	129	5	5	229	399	603	3.62e-26	110
OG_69	VIMSS356334	33.8	225	129	5	5	229	399	603	3.62e-26	110
OG_69	WP_149113283.1	39.5	81	47	1	147	225	155	235	2.10e-12	70.1
OG_69	VIMSS6365506	40.5	79	44	2	154	229	147	225	2.60e-09	60.8
OG_69	VIMSS334087	31.7	123	67	2	124	229	952	1074	1.31e-08	58.9
OG_69	WP_227028673.1	28.8	146	84	4	102	229	117	260	9.45e-08	56.2
OG_69	VIMSS10133934	45.9	61	33	0	169	229	355	415	1.77e-07	55.5
OG_69	VIMSS47013	50.0	44	21	1	181	224	3	45	4.43e-07	53.9
OG_69	VIMSS10456681	60.5	43	16	1	180	222	2	43	1.78e-06	52.0
OG_69	VIMSS47015	48.8	43	21	1	182	224	4	45	1.95e-06	52.0
OG_69	VIMSS157314	44.0	50	27	1	179	228	2	50	4.26e-06	50.8
OG_69	VIMSS47310	48.8	43	21	1	182	224	4	45	4.86e-06	50.8
OG_69	Q5M6M5	48.8	43	21	1	182	224	4	45	5.31e-06	50.8
OG_69	WP_002855703.1	48.8	43	21	1	182	224	4	45	5.56e-06	50.8
OG_69	WP_002855744.1	48.8	43	21	1	182	224	4	45	6.08e-06	50.8
OG_69	Q832Q0	58.1	43	17	1	180	222	2	43	2.51e-05	48.5
OG_69	VIMSS163270	44.4	54	28	2	178	230	8	60	4.66e-05	47.8
OG_69	WP_013244698.1	44.2	43	23	1	180	222	2	43	4.91e-05	47.8
OG_69	WP_015087877.1	37.1	62	39	0	168	229	211	272	6.30e-05	47.8
OG_69	WP_044520769.1	44.0	50	27	1	181	230	4	52	8.29e-05	47.0
OG_69	VIMSS1109758	46.7	45	23	1	181	225	3	46	1.17e-04	46.6
OG_94	VIMSS356326	73.3	45	12	0	1	45	233	277	3.97e-14	67.4
OG_94	VIMSS112437	60.0	45	18	0	1	45	233	277	2.93e-11	59.3
OG_100	VIMSS356331	97.9	48	1	0	1	48	243	290	1.22e-28	107
OG_100	WP_002356908.1	97.9	48	1	0	1	48	243	290	1.22e-28	107
OG_18	WP_002356900.1	92.0	264	21	0	1	264	1	264	5.89e-170	473
OG_18	VIMSS3803685	42.6	258	143	2	11	264	9	265	1.05e-70	221
OG_18	VIMSS2725606	42.5	268	150	2	1	264	1	268	3.72e-69	218
OG_18	WP_007614137.1	34.2	269	165	2	8	264	7	275	3.26e-52	174
OG_18	VIMSS1801001	35.8	274	159	4	3	264	2	270	1.26e-50	170
OG_18	P42953	32.0	259	164	2	18	264	17	275	1.14e-49	168
OG_18	metacyc::MONOMER-19999	32.0	259	164	2	18	264	17	275	7.13e-48	163
OG_18	VIMSS663492	29.9	261	179	1	8	264	3	263	6.11e-43	150
OG_18	VIMSS267944	33.1	269	163	4	7	264	6	268	5.99e-41	145
OG_18	WP_047172164.1	30.6	258	168	5	10	262	13	264	1.24e-39	142
OG_18	VIMSS157298	28.6	266	186	1	3	264	2	267	9.86e-39	139
OG_18	WP_038409749.1	28.2	266	187	1	3	264	2	267	5.43e-38	137
OG_18	VIMSS2127070	26.7	266	188	2	3	262	2	266	2.13e-27	110
OG_18	VIMSS4518606	28.7	275	161	9	11	264	14	274	1.41e-22	97.4
OG_18	VIMSS6365504	28.6	266	173	7	11	264	71	331	1.69e-20	92.8
OG_18	VIMSS5417940	25.3	273	169	10	10	264	19	274	1.62e-15	78.2
OG_18	ENA::AAC98414.1	22.4	245	176	5	26	264	19	255	3.07e-14	74.3
OG_18	WP_016356751.1	23.7	262	185	7	10	264	25	278	4.52e-12	68.6
OG_74	VIMSS356347	97.8	137	3	0	1	137	152	288	5.14e-89	263
OG_74	VIMSS4040678	79.1	134	28	0	1	134	152	285	8.27e-71	217
OG_74	WP_012000426.1	78.1	137	30	0	1	137	152	288	1.71e-70	216
OG_74	VIMSS7781018	77.4	137	31	0	1	137	152	288	3.44e-70	216
OG_74	ENA::AAC44969.1	75.9	137	33	0	1	137	152	288	1.97e-69	214
OG_74	VIMSS2017272	76.6	137	32	0	1	137	152	288	1.97e-69	214
OG_74	VIMSS7619322	75.2	133	33	0	5	137	55	187	5.65e-69	209
OG_74	WP_011226150.1	75.2	137	34	0	1	137	152	288	1.13e-68	212
OG_74	biolip::4ho2A	76.9	134	31	0	2	135	153	286	6.24e-68	210
OG_74	biolip::4ho4A	76.9	134	31	0	2	135	153	286	6.43e-68	210
OG_74	biolip::4ho9A	76.9	134	31	0	2	135	153	286	7.47e-68	210
OG_74	biolip::4ho4B	76.9	134	31	0	2	135	153	286	8.16e-68	210
OG_74	metacyc::MONOMER-17004	77.6	134	30	0	2	135	153	286	2.07e-67	209
OG_74	WP_000676145.1	74.5	137	35	0	1	137	152	288	5.21e-67	207
OG_74	VIMSS7619281	74.4	133	34	0	5	137	156	288	5.37e-67	207
OG_74	P95778	76.3	135	32	0	3	137	154	288	1.48e-66	206
OG_74	WP_012491798.1	74.4	133	34	0	5	137	156	288	2.16e-66	206
OG_74	VIMSS1868321	73.7	133	35	0	5	137	156	288	2.16e-66	206
OG_74	VIMSS101271	74.5	137	35	0	1	137	152	288	1.20e-65	204
OG_74	biolip::4hocA	76.1	134	30	1	2	135	153	284	2.20e-65	203
OG_74	WP_038485802.1	75.9	133	32	0	2	134	161	293	2.61e-64	201
OG_74	WP_002826699.1	72.8	136	37	0	2	137	153	288	8.31e-64	199
OG_74	VIMSS3065018	72.8	136	37	0	2	137	153	288	8.31e-64	199
OG_74	WP_000857525.1	68.9	132	41	0	3	134	157	288	1.96e-62	196
OG_74	VIMSS298042	76.6	124	29	0	1	124	152	275	4.42e-62	195
OG_57	VIMSS356324	90.0	60	6	0	1	60	1	60	5.12e-30	110
OG_57	WP_002378507.1	90.0	60	6	0	1	60	1	60	5.12e-30	110
OG_19	VIMSS356337	97.3	113	3	0	1	113	1	113	3.06e-62	188
OG_9	VIMSS356317	99.0	491	5	0	1	491	113	603	0.0	925
OG_64	WP_002379616.1	98.3	117	2	0	1	117	164	280	2.46e-77	233
OG_64	VIMSS356344	98.3	117	2	0	1	117	183	299	4.43e-77	233
OG_64	WP_002356895.1	97.4	117	3	0	1	117	164	280	2.00e-76	230
OG_64	VIMSS330214	62.6	115	43	0	1	115	165	279	2.82e-45	151
OG_64	VIMSS1868318	56.0	116	51	0	1	116	164	279	1.27e-43	147
OG_64	VIMSS77007	59.8	117	43	1	1	113	165	281	2.01e-40	139
OG_64	VIMSS7781014	61.8	110	40	1	1	108	165	274	7.71e-40	137
OG_64	VIMSS2125661	59.0	117	44	1	1	113	165	281	1.59e-39	137
OG_64	VIMSS1256217	58.3	115	46	1	1	115	165	277	2.72e-39	135
OG_64	WP_000600901.1	60.0	110	42	1	1	108	165	274	6.10e-39	135
OG_64	VIMSS133208	60.0	110	42	1	1	108	165	274	6.10e-39	135
OG_64	WP_014713146.1	60.9	110	41	1	1	108	165	274	1.22e-38	134
OG_64	WP_014621820.1	60.0	110	42	1	1	108	165	274	3.42e-38	133
OG_64	VIMSS3065023	58.3	108	45	0	1	108	174	281	3.93e-38	133
OG_64	WP_000600895.1	60.0	110	42	1	1	108	165	274	4.94e-38	132
OG_64	VIMSS298256	60.0	110	42	1	1	108	165	274	4.94e-38	132
OG_64	VIMSS922883	59.1	110	43	1	1	108	165	274	6.97e-38	132
OG_64	WP_255262719.1	59.1	110	43	1	1	108	166	275	3.99e-37	130
OG_64	VIMSS3789333	59.1	110	43	1	1	108	165	274	5.37e-37	130
OG_64	VIMSS4040681	56.5	108	47	0	1	108	164	271	1.81e-36	128
OG_64	P39631	40.9	115	64	2	1	113	164	276	6.70e-22	90.9
OG_64	VIMSS10381084	41.7	115	63	3	1	112	161	274	5.25e-21	88.6
OG_64	VIMSS1105744	43.4	113	54	4	1	113	164	266	1.13e-20	87.4
OG_64	VIMSS5765	36.3	113	70	1	3	113	166	278	2.68e-20	86.7
OG_64	VIMSS351258	37.8	119	70	2	1	115	164	282	3.69e-20	86.3
OG_73	WP_002383748.1	95.7	92	4	0	1	92	233	324	3.02e-54	174
OG_73	WP_002356922.1	93.0	86	6	0	1	86	230	315	6.35e-49	160
OG_73	WP_002289372.1	57.8	83	35	0	3	85	232	314	3.47e-26	101
OG_73	VIMSS260316	41.0	83	48	1	3	85	228	309	3.35e-16	75.1
OG_73	VIMSS911592	41.0	83	48	1	3	85	228	309	3.35e-16	75.1
OG_73	VIMSS1288583	41.0	83	48	1	3	85	231	312	3.42e-16	75.1
OG_73	metacyc::MONOMER-18134	35.7	70	44	1	13	81	230	299	1.95e-08	53.5
OG_73	VIMSS10160514	34.2	76	49	1	11	85	231	306	2.18e-06	47.8
OG_43	VIMSS356332	97.6	290	7	0	1	290	1	290	1.55e-193	549
OG_43	WP_002383759.1	97.6	290	7	0	1	290	12	301	2.22e-193	549
OG_14	VIMSS356332	97.7	558	13	0	1	558	99	656	0.0	1079
OG_14	WP_002383759.1	97.7	558	13	0	1	558	110	667	0.0	1079
OG_38	VIMSS5935889	74.0	146	38	0	1	146	1	146	1.87e-68	207
OG_38	VIMSS2060804	72.5	142	39	0	1	142	1	142	3.41e-68	206
OG_38	VIMSS116760	69.9	143	43	0	1	143	1	143	2.04e-67	204
OG_38	biolip::5ljiA	70.2	141	42	0	3	143	2	142	1.10e-66	202
OG_38	VIMSS1789848	65.7	143	49	0	1	143	1	143	6.80e-59	182
OG_38	VIMSS356694	55.2	145	64	1	1	144	1	145	1.15e-46	152
OG_38	WP_002382673.1	55.2	145	64	1	1	144	3	147	1.22e-46	152
OG_38	VIMSS331527	50.3	143	70	1	1	142	1	143	3.88e-44	145
OG_38	biolip::5vegA	49.7	147	73	1	1	146	1	147	4.83e-40	135
OG_38	VIMSS5816674	49.7	147	73	1	1	146	1	147	4.98e-40	135
OG_38	VIMSS635745	43.0	135	76	1	6	139	6	140	3.35e-27	102
OG_38	O34589	42.4	144	80	2	3	143	1	144	5.29e-27	102
OG_38	biolip::6gaqA	41.5	135	78	1	6	139	5	139	2.62e-26	100
OG_38	WP_001062752.1	41.5	135	78	1	6	139	6	140	2.69e-26	100
OG_38	VIMSS360812	41.5	135	78	1	6	139	13	147	3.24e-26	100
OG_38	NP_389298.1	38.3	141	86	1	1	140	1	141	5.75e-25	97.1
OG_38	WP_048370582.1	36.0	139	88	1	1	138	1	139	1.78e-21	87.8
OG_38	B7HK99	36.7	139	87	1	1	138	1	139	2.51e-21	87.4
OG_38	Q3ESQ3	37.2	137	85	1	6	141	25	161	4.01e-21	87.4
OG_38	WP_000041153.1	36.7	139	87	1	1	138	1	139	5.00e-21	86.7
OG_38	biolip::6fsgA	37.3	134	83	1	6	138	5	138	6.89e-21	86.3
OG_38	VIMSS633731	37.2	129	80	1	11	138	1	129	9.68e-19	80.5
OG_38	VIMSS7444171	35.2	122	75	2	6	125	6	125	4.81e-14	68.6
OG_38	WP_057786391.1	29.2	113	77	1	6	115	67	179	9.02e-10	59.7
OG_38	VIMSS5418810	29.1	117	80	2	1	115	1	116	9.88e-08	52.4
OG_45	VIMSS356334	96.6	326	11	0	1	326	200	525	2.95e-219	629
OG_45	WP_002356902.1	96.3	326	12	0	1	326	200	525	4.18e-219	629
OG_15	VIMSS356333	98.9	713	8	0	1	713	1	713	0.0	1417
OG_15	WP_002364384.1	98.6	713	10	0	1	713	1	713	0.0	1414
OG_15	WP_060708698.1	48.7	563	281	7	153	710	123	682	1.37e-167	501
OG_15	VIMSS6365506	47.3	577	285	7	142	702	125	698	1.10e-163	492
OG_15	VIMSS334087	47.9	578	292	6	138	710	980	1553	6.06e-161	507
OG_15	VIMSS10133934	48.6	533	271	3	180	710	366	897	2.60e-158	484
OG_15	WP_004844496.1	44.9	594	318	6	125	712	224	814	1.14e-157	479
OG_15	VIMSS1206030	45.2	540	287	3	180	710	238	777	1.21e-143	443
OG_15	WP_227028673.1	39.6	623	352	8	102	704	117	735	1.12e-142	439
OG_15	WP_015452749.1	43.9	545	291	7	171	702	58	600	1.16e-139	427
OG_15	WP_015087877.1	43.0	539	303	3	168	704	211	747	3.89e-139	430
OG_15	VIMSS356334	35.9	696	395	12	5	699	399	1044	1.27e-125	402
OG_15	WP_002356902.1	36.1	696	394	12	5	699	399	1044	1.78e-125	402
OG_15	WP_014200380.1	39.6	540	313	6	180	710	299	834	3.44e-115	370
OG_15	VIMSS1756022	38.2	563	333	6	152	711	291	841	2.00e-109	363
OG_15	VIMSS259451	39.6	535	305	8	182	711	87	608	1.52e-107	343
OG_15	WP_211218761.1	37.5	570	331	7	154	713	705	1259	3.23e-97	333
OG_15	WP_149113283.1	36.5	565	302	13	147	702	155	671	1.76e-91	311
OG_15	VIMSS217484	36.1	454	244	12	273	704	342	771	7.08e-66	236
OG_15	VIMSS1109816	34.3	271	149	7	439	692	153	411	2.73e-29	128
OG_15	VIMSS1206026	33.7	285	174	7	426	701	407	685	4.24e-29	128
OG_15	VIMSS1996491	31.3	227	149	3	440	665	4	224	2.91e-19	95.1
OG_15	VIMSS2183372	28.6	234	150	7	430	660	243	462	9.86e-19	95.5
OG_15	VIMSS1109758	44.0	109	58	3	181	289	3	108	5.13e-18	90.5
OG_15	VIMSS2185783	30.4	227	136	6	440	660	183	393	1.47e-17	91.7
OG_37	VIMSS356353	96.9	254	8	0	1	254	1	254	1.89e-186	514
OG_37	VIMSS157933	65.2	250	87	0	1	250	1	250	8.04e-121	348
OG_37	VIMSS2061018	55.8	285	95	3	1	254	1	285	1.04e-107	316
OG_37	WP_011226395.1	54.2	286	99	3	1	254	1	286	8.75e-107	313
OG_37	VIMSS10395472	54.5	286	98	4	1	254	1	286	5.03e-106	311
OG_37	WP_003064052.1	54.2	286	99	4	1	254	1	286	7.13e-106	311
OG_37	WP_006532325.1	53.8	286	100	4	1	254	1	286	7.13e-106	311
OG_37	VIMSS77420	54.2	286	97	4	1	254	1	284	1.55e-104	308
OG_37	VIMSS133877	54.2	286	99	4	1	254	1	286	2.35e-104	307
OG_37	B2IQ22	53.8	286	100	4	1	254	1	286	3.34e-104	307
OG_37	VIMSS101605	52.8	286	103	4	1	254	1	286	1.35e-103	305
OG_37	WP_102992020.1	54.9	246	111	0	5	250	3	248	3.69e-100	295
OG_37	VIMSS358884	54.1	246	113	0	1	246	1	246	1.04e-96	286
OG_37	D0R383	54.9	257	107	5	1	248	1	257	4.68e-94	281
OG_37	WP_003617182.1	56.4	257	103	5	1	248	1	257	6.86e-94	280
OG_37	VIMSS865265	55.6	257	105	5	1	248	1	257	1.29e-91	275
OG_37	WP_213475858.1	55.3	257	106	5	1	248	1	257	3.69e-91	273
OG_37	VIMSS5698925	45.7	247	134	0	1	247	1	247	1.02e-79	243
OG_37	P19994	45.5	246	134	0	1	246	1	246	1.17e-78	241
OG_37	P53579	48.0	246	127	1	2	246	5	250	2.76e-78	240
OG_37	VIMSS357570	43.7	247	139	0	1	247	1	247	1.90e-77	238
OG_37	WP_102991338.1	42.7	246	141	0	1	246	1	246	1.01e-74	231
OG_37	P69000	43.7	247	138	1	1	246	1	247	4.34e-74	229
OG_37	VIMSS194683	42.7	253	139	3	1	248	1	252	3.98e-73	227
OG_37	VIMSS13011	42.2	251	139	2	2	246	22	272	1.79e-68	216
OG_65	VIMSS356328	98.8	84	1	0	1	84	1	84	8.20e-59	184
OG_65	VIMSS134109	67.1	76	25	0	7	82	5	80	2.96e-33	119
OG_65	VIMSS7878	46.2	65	35	0	9	73	6	70	3.96e-13	65.9
OG_65	WP_001076784.1	39.1	92	41	3	6	82	3	94	5.94e-13	65.5
OG_65	WP_005795218.1	40.0	65	39	0	11	75	12	76	2.08e-11	61.2
OG_65	VIMSS116736	38.5	65	40	0	11	75	8	72	2.82e-11	60.8
OG_65	VIMSS356321	44.6	65	35	1	9	72	6	70	1.03e-09	56.6
OG_65	BRENDA::C4TGF1	41.7	60	35	0	11	70	7	66	6.24e-08	51.6
OG_65	VIMSS3598059	35.4	48	31	0	29	76	71	118	3.25e-04	41.2
OG_65	VIMSS135983	33.3	48	32	0	29	76	71	118	8.52e-04	40.0
OG_16	VIMSS356334	94.0	722	27	3	8	713	326	1047	0.0	1323
OG_16	WP_002356902.1	93.8	722	29	3	8	713	326	1047	0.0	1321
OG_16	VIMSS356333	36.1	696	394	12	65	710	5	699	5.37e-129	402
OG_16	WP_002364384.1	35.9	696	395	12	65	710	5	699	4.17e-128	400
OG_16	WP_004844496.1	38.9	504	284	7	194	676	257	757	6.27e-96	318
OG_16	WP_060708698.1	35.0	543	309	11	204	710	137	671	1.66e-87	293
OG_16	VIMSS6365506	34.7	531	316	9	210	710	166	695	2.77e-87	293
OG_16	WP_227028673.1	34.5	537	313	11	208	710	199	730	1.39e-82	281
OG_16	WP_149113283.1	35.2	514	309	8	203	710	173	668	1.79e-80	281
OG_16	WP_015087877.1	34.1	537	315	12	208	710	211	742	1.20e-78	271
OG_16	VIMSS10133934	32.9	535	315	11	213	710	359	886	1.53e-76	268
OG_16	WP_015452749.1	33.4	515	301	12	202	680	49	557	2.19e-76	261
OG_16	VIMSS334087	35.6	480	282	10	220	676	1025	1500	3.75e-73	263
OG_16	VIMSS1206030	31.6	484	302	9	220	676	238	719	8.83e-71	250
OG_16	VIMSS259451	32.3	477	296	10	222	676	87	558	3.20e-57	209
OG_16	VIMSS3008237	39.5	261	148	8	216	470	677	933	9.37e-40	161
OG_16	Q832Q0	46.7	105	52	4	220	324	2	102	8.00e-18	89.4
OG_16	WP_173940362.1	33.0	209	130	7	222	425	2	205	1.64e-17	88.2
OG_16	biolip::2z87A	25.4	276	184	8	180	454	326	580	1.56e-15	84.7
OG_16	biolip::2z86B	25.6	250	169	7	180	428	323	556	1.56e-15	84.7
OG_16	biolip::2z86A	25.6	270	179	8	186	454	311	559	1.96e-15	84.3
OG_16	Q8L0V4	25.9	243	164	6	177	418	400	627	3.16e-15	84.0
OG_16	WP_003422862.1	37.0	135	80	4	222	355	6	136	3.23e-15	80.1
OG_16	biolip::2z86C	25.8	240	162	6	180	418	324	548	6.30e-15	82.8
OG_16	biolip::2z87B	26.1	234	157	6	186	418	320	538	8.12e-15	82.4
OG_39	VIMSS356319	98.1	473	9	0	1	473	1	473	7.41e-315	857
OG_39	WP_014638249.1	41.4	447	261	1	6	452	2	447	6.66e-105	323
OG_39	WP_001092840.1	40.7	460	272	1	1	460	1	459	7.99e-103	318
OG_5	VIMSS356324	97.7	352	8	0	1	352	1	352	1.94e-251	686
OG_5	WP_002378507.1	97.4	352	9	0	1	352	1	352	7.89e-251	685
OG_5	metacyc::MONOMER-17176	35.2	344	213	4	8	348	9	345	2.47e-65	214
OG_5	WP_013129429.1	23.7	321	226	9	30	345	3	309	4.95e-16	82.0
OG_5	ENA::AAA99939.1	25.3	249	171	6	30	274	3	240	1.90e-13	74.3
OG_5	VIMSS31883	24.2	256	162	7	30	274	3	237	1.54e-06	53.5
OG_5	XP_013326109.1	23.1	324	213	14	1	301	624	934	1.69e-06	54.3
OG_5	biolip::3a4vB	24.1	237	158	5	30	262	2	220	1.50e-04	47.4
OG_5	biolip::3a1nB	24.1	237	158	5	30	262	2	220	1.51e-04	47.4
OG_5	biolip::3a4vA	24.1	237	158	5	30	262	2	220	1.52e-04	47.4
OG_5	biolip::3a1nA	24.1	237	158	5	30	262	2	220	1.54e-04	47.4
OG_5	biolip::3ajrB	23.6	237	159	5	30	262	2	220	4.75e-04	45.8
OG_5	biolip::3a9wB	23.6	237	159	5	30	262	2	220	4.76e-04	45.8
OG_5	biolip::3ajrA	23.6	237	159	5	30	262	2	220	4.84e-04	45.8
OG_5	biolip::3a9wA	23.6	237	159	5	30	262	2	220	4.85e-04	45.8
OG_28	VIMSS356345	97.4	342	9	0	1	342	1	342	2.44e-249	680
OG_28	WP_002356894.1	97.1	342	10	0	1	342	1	342	9.94e-249	679
OG_28	WP_011285494.1	80.4	337	66	0	2	338	3	339	3.77e-206	571
OG_28	VIMSS2015454	80.4	337	66	0	2	338	3	339	5.35e-206	571
OG_28	SwissProt::P95780	79.8	337	68	0	2	338	5	341	3.87e-204	566
OG_28	WP_003002700.1	79.5	337	69	0	2	338	5	341	3.87e-204	566
OG_28	WP_002947383.1	79.2	337	70	0	2	338	5	341	1.11e-203	565
OG_28	biolip::1kepA	78.6	337	72	0	2	338	3	339	5.95e-203	563
OG_28	biolip::1kepB	78.6	337	72	0	2	338	4	340	5.95e-203	563
OG_28	WP_012000428.1	79.2	337	70	0	2	338	5	341	6.40e-203	563
OG_28	VIMSS7781015	78.3	337	73	0	2	338	5	341	1.83e-202	562
OG_28	WP_024531966.1	78.6	337	72	0	2	338	5	341	1.50e-201	560
OG_28	WP_000141499.1	78.0	337	74	0	2	338	5	341	5.20e-200	556
OG_28	ENA::AAC44971.1	78.0	337	74	0	2	338	5	341	7.38e-200	555
OG_28	VIMSS5793846	71.2	340	98	0	3	342	2	341	3.23e-185	518
OG_28	VIMSS2125660	73.2	339	90	1	2	339	5	343	2.58e-184	516
OG_28	WP_011743790.1	66.6	341	105	2	2	342	9	340	4.88e-168	474
OG_28	VIMSS280489	67.0	339	103	2	4	342	18	347	7.27e-167	472
OG_28	VIMSS10179413	66.8	337	103	2	6	342	1	328	2.47e-165	467
OG_28	WP_008783180.1	66.3	341	106	2	2	342	9	340	1.46e-162	461
OG_28	WP_041473656.1	65.4	341	109	2	2	342	9	340	2.07e-162	460
OG_28	WP_041080263.1	64.8	341	111	2	2	342	9	340	5.61e-160	454
OG_28	VIMSS5548114	62.5	341	119	2	2	342	10	341	4.50e-157	447
OG_28	VIMSS5915454	63.5	348	112	5	1	342	1	339	5.63e-155	441
OG_28	VIMSS538161	61.5	340	121	3	3	342	2	331	1.79e-149	427
OG_79	VIMSS356335	82.2	45	8	0	1	45	124	168	9.15e-16	72.0
OG_79	VIMSS3803686	55.6	45	20	0	1	45	125	169	5.42e-08	50.1
OG_79	VIMSS6365502	53.3	45	21	0	1	45	142	186	7.42e-08	49.7
OG_79	VIMSS5593439	53.5	43	20	0	3	45	125	167	6.67e-07	47.0
OG_79	VIMSS57837	46.7	45	24	0	1	45	126	170	1.25e-06	46.2
OG_79	VIMSS259453	42.2	45	26	0	1	45	134	178	4.38e-06	44.7
OG_79	VIMSS5925488	42.2	45	26	0	1	45	125	169	2.11e-05	42.7
OG_40	VIMSS356320	93.2	323	5	1	1	306	1	323	3.07e-213	587
OG_40	VIMSS2061742	42.1	126	71	2	8	133	3	126	9.17e-21	94.4
OG_40	VIMSS3635691	42.4	118	65	2	8	124	4	119	1.28e-20	94.0
OG_40	VIMSS298247	50.0	102	47	2	9	107	6	106	1.46e-19	90.9
OG_40	WP_148761514.1	28.6	210	133	7	8	206	4	207	2.05e-15	78.2
OG_40	VIMSS533275	29.9	117	77	2	1	115	1	114	1.20e-06	53.1
OG_40	WP_003242619.1	28.3	145	94	2	8	145	9	150	3.91e-04	45.4
OG_95	VIMSS356333	93.9	33	2	0	1	33	681	713	1.63e-16	73.6
OG_95	WP_002364384.1	93.9	33	2	0	1	33	681	713	1.63e-16	73.6
OG_4	Q832Q0	98.7	232	3	0	1	232	1	232	2.89e-162	454
OG_4	WP_002356915.1	58.8	228	94	0	1	228	1	228	5.50e-89	269
OG_4	VIMSS4260164	45.5	224	121	1	1	223	7	230	2.39e-57	188
OG_4	VIMSS134107	44.1	227	125	1	4	228	6	232	2.72e-57	188
OG_4	VIMSS116822	43.6	227	126	1	4	228	6	232	4.30e-56	185
OG_4	WP_000446965.1	42.7	227	128	1	4	228	6	232	6.79e-55	182
OG_4	VIMSS10380302	43.3	224	119	3	2	218	8	230	1.28e-54	181
OG_4	VIMSS10395648	41.7	228	126	1	4	224	5	232	2.49e-54	180
OG_4	Q8A2D9	45.1	215	109	3	2	210	8	219	4.69e-54	180
OG_4	WP_173940362.1	45.7	208	111	2	4	211	2	207	6.18e-52	174
OG_4	WP_005931076.1	43.7	222	117	3	4	218	6	226	4.05e-51	172
OG_4	WP_000413826.1	39.4	226	132	1	4	224	5	230	1.83e-50	170
OG_4	VIMSS7623789	43.6	227	118	4	1	220	1	224	2.42e-50	170
OG_4	WP_065973229.1	40.5	227	131	2	4	228	3	227	5.00e-50	169
OG_4	CAZy::CAA59782.1	45.0	211	112	2	4	210	5	215	1.26e-49	168
OG_4	WP_024704133.1	40.5	227	131	2	4	228	3	227	1.40e-49	168
OG_4	Q83YR4	40.8	228	129	2	4	225	2	229	5.27e-49	166
OG_4	VIMSS275794	40.8	233	128	5	1	225	1	231	7.30e-46	158
OG_4	VIMSS1244952	39.4	213	121	2	4	212	7	215	9.78e-46	158
OG_4	VIMSS2093214	39.4	213	121	2	4	212	7	215	1.38e-45	157
OG_4	VIMSS10456681	37.7	236	135	2	1	224	1	236	2.13e-45	157
OG_4	WP_015438463.1	39.9	213	125	3	2	211	18	230	2.64e-45	157
OG_4	WP_100831577.1	36.4	225	138	4	3	223	4	227	2.94e-45	157
OG_4	VIMSS10349553	39.0	213	122	2	4	212	7	215	7.65e-45	155
OG_4	WP_000660893.1	36.0	225	139	4	3	223	4	227	1.16e-44	155
OG_1	WP_003640330.1	44.0	243	134	1	1	243	2	242	4.47e-63	201
OG_1	B7HYD4	41.6	238	126	5	4	235	6	236	1.47e-49	166
OG_1	biolip::2pz0A	41.3	235	131	4	2	233	2	232	5.53e-49	164
OG_1	Q8RB32	41.3	235	131	4	2	233	3	233	6.20e-49	164
OG_1	VIMSS157516	40.7	243	130	6	1	241	1	231	2.55e-48	162
OG_1	BRENDA::P54527	37.4	246	145	4	1	241	1	242	2.75e-44	152
OG_1	WP_012095323.1	34.2	237	153	2	1	236	1	235	5.20e-41	144
OG_1	VIMSS193180	34.6	237	142	5	4	233	24	254	1.88e-39	140
OG_1	VIMSS118069	34.5	232	146	4	5	233	8	236	2.74e-39	140
OG_1	VIMSS314189	31.8	245	141	6	4	234	12	244	3.53e-32	121
OG_1	WP_002820844.1	33.2	229	136	3	2	230	6	217	6.15e-32	120
OG_1	biolip::5t91A	31.6	253	135	7	5	233	11	249	4.82e-31	119
OG_1	biolip::5t9bG	30.7	254	137	7	5	233	11	250	5.27e-30	116
OG_1	biolip::5t9cE	30.2	258	137	7	5	233	11	254	2.23e-29	114
OG_1	VIMSS13876	35.6	216	125	6	4	211	7	216	3.73e-29	113
OG_1	NP_388095.1	30.2	258	137	7	5	233	41	284	4.20e-29	114
OG_1	VIMSS661821	31.0	239	151	6	4	232	16	250	8.41e-29	113
OG_1	VIMSS54150	30.2	232	156	4	4	233	6	233	9.39e-29	112
OG_1	VIMSS8378	37.1	232	130	7	4	228	7	229	1.55e-28	112
OG_1	WP_011250348.1	38.0	166	87	3	4	169	9	158	1.70e-28	112
OG_1	WP_000572010.1	30.4	237	155	5	4	232	16	250	6.36e-28	110
OG_1	VIMSS1293182	31.6	244	139	7	4	232	12	242	2.61e-26	106
OG_1	E6SMM5	32.2	255	135	9	4	233	369	610	9.10e-26	109
OG_1	biolip::2oogA	31.8	261	137	10	5	236	14	262	1.13e-24	102
OG_1	WP_039964315.1	28.6	248	158	5	4	235	44	288	1.14e-24	103
OG_70	VIMSS356351	86.7	113	15	0	5	117	1	113	1.30e-55	180
OG_70	WP_002286457.1	48.5	97	50	0	21	117	16	112	5.74e-24	97.8
OG_70	VIMSS7781556	45.7	105	49	1	21	117	17	121	2.26e-21	90.9
OG_70	VIMSS2127422	38.8	134	58	1	8	117	10	143	1.93e-19	85.9
OG_70	Q8CZF2	44.7	103	49	1	23	117	19	121	3.46e-17	79.3
OG_70	Q8E7L8	40.6	106	55	1	20	117	16	121	3.46e-17	79.3
OG_70	VIMSS5629178	41.7	103	55	1	20	117	7	109	1.44e-16	77.4
OG_70	VIMSS157183	43.2	95	51	1	23	117	13	104	3.75e-16	76.3
OG_70	VIMSS663381	42.1	95	52	1	23	117	13	104	1.36e-15	74.7
OG_70	WP_039811425.1	41.8	98	52	2	13	109	3	96	4.79e-15	73.2
OG_70	VIMSS10174346	38.2	102	60	1	16	117	6	104	1.65e-13	68.9
OG_70	VIMSS1749527	37.7	77	42	1	30	100	55	131	2.61e-08	54.3
OG_70	NP_391433.1	32.0	103	64	2	11	109	4	104	4.71e-08	53.5
OG_70	metacyc::MONOMER-19967	32.0	103	64	2	11	109	4	104	4.71e-08	53.5
OG_70	VIMSS5215425	37.0	92	49	2	14	100	2	89	2.18e-07	51.6
OG_70	WP_005179818.1	36.8	87	54	1	20	105	12	98	3.00e-07	51.2
OG_70	Q7UQ81	33.0	100	56	3	12	100	10	109	2.19e-04	43.1
OG_70	WP_004113078.1	33.3	99	60	1	25	117	17	115	5.24e-04	42.0
OG_70	VIMSS10327099	32.3	99	61	1	25	117	17	115	7.14e-04	41.6
OG_49	VIMSS356320	98.0	49	1	0	1	49	1	49	1.43e-24	95.5
OG_49	VIMSS3635691	59.5	42	17	0	8	49	4	45	4.06e-10	56.2
OG_49	VIMSS2061742	64.3	42	15	0	8	49	3	44	3.71e-09	53.5
OG_20	VIMSS356326	100	387	0	0	1	387	1	387	2.12e-283	770
OG_20	VIMSS112437	75.4	386	95	0	1	386	1	386	5.30e-216	600
OG_20	WP_038702803.1	65.6	387	133	0	1	387	1	387	3.30e-188	530
OG_20	P35881	52.3	386	184	0	1	386	1	386	9.79e-139	404
OG_20	WP_014621681.1	51.9	387	185	1	1	386	1	387	1.65e-137	401
OG_20	VIMSS275100	50.3	386	192	0	1	386	1	386	6.91e-134	392
OG_20	P35880	50.4	361	178	1	1	360	1	361	1.52e-127	375
OG_20	VIMSS846360	33.2	352	232	3	17	365	30	381	4.35e-70	229
OG_20	VIMSS1180646	33.6	339	224	1	19	356	30	368	7.54e-70	228
OG_20	WP_001122813.1	32.4	358	236	3	16	371	26	379	4.09e-64	213
OG_20	VIMSS3655775	33.2	349	224	5	16	360	55	398	4.93e-57	196
OG_20	VIMSS5924605	32.9	353	232	5	7	355	26	377	5.36e-57	195
OG_20	VIMSS1074310	32.9	353	232	5	7	355	26	377	4.08e-56	193
OG_20	P80011	30.4	368	244	6	7	365	6	370	1.97e-55	191
OG_20	VIMSS1074960	31.3	310	210	3	54	360	75	384	9.19e-55	189
OG_20	VIMSS879649	32.2	332	216	4	30	355	48	376	4.64e-54	187
OG_20	VIMSS876986	31.9	332	217	4	30	355	48	376	1.90e-52	183
OG_20	VIMSS369375	27.9	330	226	5	58	378	69	395	3.96e-41	153
OG_20	VIMSS369461	27.8	335	227	7	58	380	69	400	4.09e-38	145
OG_20	VIMSS369637	28.1	285	194	4	77	352	1	283	3.03e-37	140
OG_20	VIMSS2061558	48.4	122	63	0	265	386	5	126	7.94e-28	110
OG_20	VIMSS7171424	29.5	217	150	3	129	342	24	240	6.94e-27	112
OG_20	VIMSS3803936	35.0	140	90	1	233	371	1	140	7.02e-20	89.7
OG_20	WP_237023175.1	28.5	172	117	3	210	378	3	171	5.37e-16	79.7
OG_61	VIMSS356334	88.5	511	52	2	1	504	1	511	7.20e-311	871
OG_61	WP_002356902.1	88.1	511	54	2	1	504	1	511	4.12e-310	869
OG_78	VIMSS356333	81.4	59	11	0	1	59	215	273	8.86e-23	92.8
OG_78	WP_002364384.1	81.4	59	11	0	1	59	215	273	8.86e-23	92.8
OG_78	WP_002356902.1	54.2	59	27	0	1	59	589	647	5.66e-14	67.8
OG_78	VIMSS356334	52.5	59	28	0	1	59	589	647	7.74e-14	67.4
OG_78	VIMSS6365506	52.5	59	28	0	1	59	211	269	8.37e-12	61.6
OG_78	VIMSS334087	50.8	59	29	0	1	59	1060	1118	1.15e-11	61.2
OG_78	VIMSS10133934	45.8	59	32	0	1	59	401	459	7.50e-11	58.9
OG_78	VIMSS1206030	51.8	56	27	0	4	59	276	331	1.40e-10	58.2
OG_78	WP_032876151.1	52.2	46	22	0	14	59	52	97	3.07e-07	48.5
OG_78	WP_003242619.1	45.7	46	25	0	14	59	52	97	1.94e-05	43.5
OG_32	WP_002362119.1	98.3	237	4	0	1	237	1	237	1.67e-167	464
OG_32	WP_148761514.1	41.7	230	129	4	3	229	4	231	1.10e-55	181
OG_32	VIMSS7617562	39.8	236	133	6	1	232	1	231	3.09e-46	157
OG_32	CharProtDB::CH_107446	42.7	211	111	5	1	207	1	205	2.66e-45	155
OG_32	metacyc::MONOMER-21625	37.8	241	134	4	1	226	1	240	3.98e-39	139
OG_32	WP_013446899.1	33.2	232	137	6	2	225	3	224	1.74e-32	123
OG_32	VIMSS3635691	34.8	230	137	5	3	219	4	233	1.24e-31	121
OG_32	VIMSS2017265	34.7	219	129	6	2	206	6	224	4.46e-30	117
OG_32	VIMSS101149	32.9	231	137	5	2	221	3	226	2.47e-26	107
OG_32	VIMSS280495	31.2	221	135	6	2	206	4	223	7.04e-26	106
OG_32	VIMSS298254	31.5	216	132	5	2	206	3	213	1.91e-25	105
OG_32	metacyc::MONOMER-21611	30.4	217	139	4	2	206	3	219	4.08e-25	104
OG_32	VIMSS330208	28.0	214	142	5	2	205	5	216	9.34e-24	100
OG_32	VIMSS7617563	34.2	243	132	9	2	220	7	245	7.62e-23	98.6
OG_32	metacyc::MONOMER-21522	32.1	234	148	6	1	226	8	238	3.83e-22	96.3
OG_32	metacyc::MONOMER-21530	32.1	234	148	6	1	226	8	238	5.32e-22	95.9
OG_32	WP_061869095.1	31.7	208	125	5	2	202	5	202	5.71e-22	95.9
OG_32	VIMSS3065341	28.8	215	142	4	2	206	7	220	9.47e-20	89.7
OG_32	VIMSS2061742	30.4	237	154	6	1	229	1	234	7.32e-19	87.4
OG_32	VIMSS7619328	28.8	233	146	7	4	224	8	232	2.42e-18	85.9
OG_32	ENA::AAB88895.1	30.6	216	124	7	2	205	3	204	1.80e-16	80.5
OG_32	VIMSS405406	27.4	219	134	4	2	207	8	214	4.94e-16	80.1
OG_32	VIMSS356320	27.0	256	148	7	3	232	8	250	2.81e-14	74.7
OG_32	WP_002820838.1	25.2	230	128	5	3	202	6	221	1.02e-13	72.8
OG_32	VIMSS297245	28.8	208	130	6	2	201	9	206	7.50e-13	70.5
OG_86	VIMSS356326	94.2	69	4	0	1	69	1	69	1.25e-37	132
OG_86	VIMSS112437	79.7	69	14	0	1	69	1	69	4.90e-31	114
OG_86	WP_038702803.1	68.1	69	22	0	1	69	1	69	5.22e-25	98.6
OG_86	P35881	53.6	69	32	0	1	69	1	69	5.75e-18	79.3
OG_86	WP_014621681.1	53.6	69	32	0	1	69	1	69	7.95e-18	79.0
OG_86	VIMSS275100	53.6	69	32	0	1	69	1	69	1.09e-17	78.6
OG_6	VIMSS356325	100	39	0	0	1	39	196	234	2.46e-19	79.7
OG_6	metacyc::MONOMER-17174	47.1	34	18	0	1	34	197	230	6.90e-04	38.1
OG_66	VIMSS356317	95.6	181	8	0	1	181	1	181	2.81e-112	335
OG_26	VIMSS356343	96.3	241	9	0	1	241	1	241	1.79e-164	457
OG_26	WP_002356896.1	95.9	241	10	0	1	241	1	241	7.29e-164	456
OG_26	VIMSS3592293	61.4	241	90	2	1	241	1	238	1.12e-97	288
OG_26	WP_000021473.1	47.7	237	118	2	2	238	11	241	5.78e-64	202
OG_26	WP_000021476.1	47.3	237	119	2	2	238	11	241	4.66e-63	200
OG_26	VIMSS101155	47.6	233	113	2	1	233	1	224	5.62e-59	189
OG_26	VIMSS5804371	40.6	234	118	7	4	233	6	222	3.32e-43	149
OG_26	VIMSS188503	35.5	152	82	3	7	153	11	151	1.77e-19	89.0
OG_26	WP_009364599.1	30.6	206	126	5	6	204	13	208	3.35e-18	85.9
OG_26	SwissProt::C5CBV8	34.1	170	97	4	1	165	1	160	2.58e-17	82.0
OG_26	WP_036941943.1	32.5	169	99	5	2	165	10	168	7.03e-16	78.6
OG_26	WP_002516800.1	28.2	220	140	5	2	213	12	221	9.70e-15	75.5
OG_26	VIMSS241797	29.6	213	132	6	4	208	24	226	1.35e-14	75.5
OG_26	VIMSS3698634	29.1	172	101	3	6	171	20	176	3.16e-14	73.6
OG_26	VIMSS5916611	29.3	232	147	6	4	227	11	233	6.44e-14	73.2
OG_26	WP_011123928.1	28.9	166	99	4	7	165	8	161	1.44e-12	69.3
OG_26	WP_004916164.1	29.3	174	97	7	1	163	1	159	3.49e-11	65.1
OG_26	VIMSS940144	28.2	177	111	7	1	171	1	167	3.00e-09	60.5
OG_26	WP_011011170.1	32.6	132	76	4	1	128	1	123	7.40e-09	59.3
OG_26	biolip::5mlzA	32.6	132	76	4	1	128	4	126	7.46e-09	59.3
OG_26	biolip::5mm1A	32.1	131	76	4	2	128	1	122	3.26e-08	57.4
OG_26	VIMSS1143480	27.9	172	107	5	6	172	32	191	4.37e-08	57.0
OG_26	CAZy::AAC98796.1	23.2	228	157	6	5	223	12	230	1.20e-07	55.1
OG_26	VIMSS30016	26.0	235	152	10	1	227	1	221	1.98e-07	55.1
OG_26	WP_014040085.1	34.2	114	64	5	6	113	27	135	3.52e-07	54.3
OG_30	VIMSS356347	98.3	288	5	0	1	288	1	288	3.28e-204	561
OG_30	VIMSS4040678	81.1	285	54	0	1	285	1	285	1.22e-167	469
OG_30	VIMSS7781018	78.1	288	63	0	1	288	1	288	4.70e-163	457
OG_30	WP_012000426.1	78.5	288	62	0	1	288	1	288	1.35e-162	456
OG_30	ENA::AAC44969.1	77.1	288	66	0	1	288	1	288	3.86e-162	455
OG_30	VIMSS2017272	77.1	288	66	0	1	288	1	288	3.16e-161	453
OG_30	WP_011226150.1	77.1	288	66	0	1	288	1	288	2.59e-160	451
OG_30	biolip::4ho2A	76.9	286	66	0	1	286	1	286	3.55e-160	450
OG_30	biolip::4ho4A	76.9	286	66	0	1	286	1	286	3.68e-160	450
OG_30	biolip::4ho9A	76.9	286	66	0	1	286	1	286	4.40e-160	450
OG_30	biolip::4ho4B	76.9	286	66	0	1	286	1	286	4.90e-160	450
OG_30	WP_000676145.1	76.7	288	67	0	1	288	1	288	7.41e-160	449
OG_30	P95778	77.4	288	65	0	1	288	1	288	1.49e-159	449
OG_30	biolip::4hocA	76.6	286	65	1	1	286	1	284	1.28e-157	444
OG_30	VIMSS101271	76.0	288	69	0	1	288	1	288	2.87e-157	443
OG_30	VIMSS7619281	72.6	288	79	0	1	288	1	288	2.44e-156	441
OG_30	VIMSS1868321	72.6	288	79	0	1	288	1	288	4.92e-156	440
OG_30	metacyc::MONOMER-17004	75.5	286	70	0	1	286	1	286	3.42e-155	438
OG_30	VIMSS298042	78.9	275	58	0	1	275	1	275	6.55e-155	437
OG_30	WP_012491798.1	71.9	288	81	0	1	288	1	288	1.15e-154	436
OG_30	P55254	72.2	284	79	0	2	285	5	288	6.48e-150	424
OG_30	WP_000857525.1	72.2	284	79	0	2	285	5	288	1.86e-149	423
OG_30	VIMSS3065018	71.9	288	81	0	1	288	1	288	7.27e-149	422
OG_30	WP_000857529.1	71.1	284	82	0	2	285	5	288	2.16e-148	421
OG_30	VIMSS3565248	72.1	287	80	0	2	288	5	291	2.16e-148	421
OG_60	VIMSS356326	97.1	69	2	0	1	69	1	69	8.31e-39	135
OG_60	VIMSS112437	81.2	69	13	0	1	69	1	69	4.73e-32	117
OG_60	WP_038702803.1	68.1	69	22	0	1	69	1	69	2.71e-25	99.4
OG_60	P35881	53.6	69	32	0	1	69	1	69	7.92e-18	79.0
OG_60	WP_014621681.1	53.6	69	32	0	1	69	1	69	1.09e-17	78.6
OG_60	VIMSS275100	53.6	69	32	0	1	69	1	69	1.50e-17	78.2
OG_88	VIMSS356333	85.5	83	12	0	1	83	235	317	2.26e-38	138
OG_88	WP_002364384.1	85.5	83	12	0	1	83	235	317	2.26e-38	138
OG_88	WP_002356902.1	56.6	83	36	0	1	83	609	691	1.31e-22	93.6
OG_88	VIMSS356334	55.4	83	37	0	1	83	609	691	1.79e-22	93.2
OG_88	VIMSS334087	58.5	82	34	0	2	83	1081	1162	1.81e-22	93.2
OG_88	VIMSS1206030	56.8	81	35	0	2	82	294	374	1.57e-21	90.5
OG_88	VIMSS6365506	54.9	82	37	0	2	83	232	313	1.89e-20	87.4
OG_88	WP_227028673.1	51.2	82	40	0	2	83	267	348	3.53e-20	86.7
OG_88	WP_060708698.1	52.4	82	39	0	2	83	209	290	6.56e-20	85.9
OG_88	WP_149113283.1	53.7	82	38	0	2	83	244	325	1.70e-19	84.7
OG_88	WP_015087877.1	50.0	82	41	0	2	83	279	360	7.96e-19	82.8
OG_88	WP_015452749.1	53.0	83	39	0	1	83	122	204	2.01e-18	81.6
OG_88	VIMSS10133934	48.8	82	42	0	2	83	422	503	1.04e-15	73.9
OG_88	WP_004844496.1	48.2	83	42	1	2	83	339	421	4.92e-15	72.0
OG_88	WP_014200380.1	37.8	82	50	1	2	83	355	435	1.30e-09	56.6
OG_88	VIMSS1756022	37.8	82	51	0	2	83	375	456	1.32e-09	56.6
OG_97	VIMSS356319	100	30	0	0	1	30	1	30	1.49e-11	59.3
OG_80	VIMSS356335	97.2	142	4	0	1	142	1	142	1.18e-92	277
OG_80	VIMSS3803686	54.0	139	64	0	3	141	4	142	1.34e-48	165
OG_80	VIMSS367216	45.9	148	72	1	2	141	6	153	9.77e-39	139
OG_80	WP_005741031.1	46.7	137	73	0	2	138	3	139	3.61e-38	137
OG_80	VIMSS334088	45.8	144	70	1	6	141	8	151	2.06e-37	135
OG_80	VIMSS5925488	41.9	136	79	0	2	137	3	138	4.55e-36	132
OG_80	VIMSS1174799	41.9	136	78	1	6	141	5	139	3.14e-35	129
OG_80	biolip::6m96A	42.6	136	76	1	6	141	3	136	4.11e-35	125
OG_80	Q07698	42.6	141	79	1	1	141	1	139	2.06e-34	125
OG_80	biolip::7k2tC	42.6	136	76	1	6	141	2	135	6.90e-34	125
OG_80	biolip::7k2tA	42.6	136	76	1	6	141	2	135	7.13e-34	125
OG_80	metacyc::MONOMER-21501	41.2	136	80	0	6	141	3	138	8.66e-34	125
OG_80	VIMSS1109521	41.3	138	79	1	6	141	8	145	1.20e-33	121
OG_80	metacyc::MONOMER-21646	41.2	136	80	0	6	141	3	138	1.21e-33	125
OG_80	VIMSS1849208	42.5	146	71	1	6	138	4	149	1.33e-33	125
OG_80	VIMSS742645	42.5	146	71	1	6	138	8	153	1.39e-33	125
OG_80	VIMSS57837	44.3	131	73	0	11	141	13	143	1.10e-32	122
OG_80	VIMSS6365505	41.6	154	73	2	2	138	5	158	2.60e-32	122
OG_80	VIMSS259453	39.7	136	82	0	6	141	16	151	3.48e-32	121
OG_80	VIMSS4518607	54.0	100	46	0	39	138	1	100	2.10e-31	119
OG_80	VIMSS5593439	42.9	140	78	1	2	141	3	140	2.56e-31	119
OG_80	VIMSS6365502	47.5	120	63	0	22	141	40	159	6.64e-31	118
OG_80	VIMSS4518605	50.5	103	51	0	39	141	1	103	8.83e-31	117
OG_80	metacyc::MONOMER-21499	38.2	136	84	0	6	141	4	139	1.76e-30	116
OG_80	VIMSS1756023	49.5	103	52	0	39	141	48	150	3.66e-30	116
OG_52	VIMSS356326	82.8	64	11	0	1	64	1	64	2.11e-28	107
OG_52	VIMSS112437	70.3	64	19	0	1	64	1	64	4.32e-24	95.9
OG_52	WP_038702803.1	57.8	64	27	0	1	64	1	64	2.33e-17	77.4
OG_75	VIMSS356315	86.8	76	10	0	1	76	1	76	1.67e-38	132
OG_75	WP_015605149.1	66.2	74	25	0	3	76	4	77	3.33e-27	103
OG_75	VIMSS923006	66.2	74	25	0	3	76	5	78	7.65e-26	99.8
OG_75	VIMSS360978	60.0	75	30	0	2	76	7	81	3.90e-25	98.2
OG_75	VIMSS64947	60.0	75	30	0	2	76	3	77	7.31e-25	97.4
OG_75	WP_178939141.1	60.0	75	30	0	2	76	7	81	1.07e-24	97.1
OG_75	WP_002263069.1	60.8	74	29	0	3	76	4	77	2.90e-24	95.5
OG_75	Q88WP5	60.0	75	30	0	2	76	7	81	2.81e-23	93.2
OG_75	VIMSS157518	64.4	73	26	0	4	76	6	78	7.07e-23	92.0
OG_75	VIMSS38270	54.7	75	34	0	2	76	6	80	1.12e-22	91.7
OG_75	VIMSS313773	59.7	72	29	0	5	76	10	81	5.28e-22	90.1
OG_75	VIMSS103445	57.5	73	31	0	4	76	8	80	5.71e-22	89.7
OG_75	VIMSS666586	57.5	73	31	0	4	76	8	80	7.97e-22	89.4
OG_75	A4VVZ3	58.1	74	31	0	3	76	4	77	1.24e-21	88.6
OG_75	VIMSS1867980	48.0	75	39	0	2	76	6	80	1.16e-18	80.9
OG_75	WP_003951268.1	47.3	74	39	0	3	76	9	82	1.20e-17	78.2
OG_75	XP_016685280.1	49.3	75	38	0	2	76	44	118	1.23e-17	79.0
OG_75	VIMSS3374429	48.6	72	37	0	5	76	12	83	4.63e-17	76.6
OG_75	VIMSS5777001	47.2	72	38	0	5	76	10	81	6.21e-15	70.9
OG_75	WP_208082925.1	45.8	72	39	0	5	76	10	81	1.19e-14	70.1
OG_75	XP_765972.1	43.8	80	40	1	2	76	34	113	1.92e-13	67.0
OG_75	VIMSS2205490	45.6	68	37	0	5	72	11	78	2.69e-13	66.2
OG_75	VIMSS151602	43.4	76	43	0	1	76	9	84	2.99e-13	66.2
OG_75	VIMSS349320	43.4	76	43	0	1	76	9	84	2.99e-13	66.2
OG_75	VIMSS271188	48.6	70	36	0	7	76	15	84	4.06e-13	65.9
OG_63	VIMSS356317	82.6	92	16	0	2	93	512	603	1.61e-42	149
OG_11	VIMSS356329	98.8	252	3	0	1	252	1	252	8.29e-180	497
OG_11	WP_002356910.1	98.4	252	4	0	1	252	1	252	1.18e-179	496
OG_11	VIMSS2034616	47.3	237	122	3	6	240	4	239	1.88e-63	202
OG_11	WP_003422862.1	43.2	241	136	1	1	240	1	241	9.64e-62	197
OG_11	VIMSS66242	39.8	246	145	3	5	248	10	254	1.15e-56	185
OG_11	VIMSS3375257	39.9	243	145	1	1	242	1	243	7.48e-56	182
OG_11	metacyc::MONOMER-21549	37.0	238	149	1	1	238	1	237	1.44e-52	174
OG_11	VIMSS94314	36.6	238	150	1	1	238	1	237	1.14e-51	172
OG_11	WP_015378195.1	37.7	239	145	2	6	242	4	240	1.25e-50	169
OG_11	VIMSS7217	39.0	251	151	2	1	250	1	250	5.44e-50	167
OG_11	SwissProt::B5L3F2	43.4	226	117	4	1	222	1	219	3.31e-46	158
OG_11	VIMSS362628	33.0	218	135	5	2	211	4	218	2.99e-31	121
OG_11	VIMSS188474	37.2	191	112	3	1	185	1	189	3.53e-30	117
OG_11	WP_014410582.1	37.8	201	115	6	6	201	295	490	6.27e-30	121
OG_11	VIMSS117198	30.2	235	144	5	5	222	4	235	5.70e-28	112
OG_11	WP_014914727.1	33.3	210	134	4	5	210	6	213	3.42e-26	106
OG_11	VIMSS7623789	31.8	242	146	4	6	233	4	240	1.05e-25	106
OG_11	VIMSS165415	33.6	217	123	9	6	210	4	211	2.30e-25	105
OG_11	WP_010996446.1	31.9	213	137	5	5	210	7	218	7.04e-25	104
OG_11	VIMSS1100581	31.0	245	152	7	1	233	1	240	8.08e-25	103
OG_11	VIMSS61447	32.2	230	144	5	5	224	11	238	2.86e-24	102
OG_11	VIMSS80215	29.5	224	142	5	1	209	4	226	2.95e-24	102
OG_11	VIMSS165416	30.8	224	140	7	2	215	3	221	3.69e-24	102
OG_11	VIMSS165424	32.2	214	131	7	6	211	4	211	4.27e-24	102
OG_11	VIMSS2185873	31.6	209	129	5	6	201	9	216	4.94e-24	102
OG_59	VIMSS356319	98.9	94	1	0	1	94	375	468	3.77e-52	172
OG_31	WP_002383748.1	97.9	144	3	0	1	144	4	147	4.92e-92	273
OG_31	WP_002356922.1	95.8	144	6	0	1	144	1	144	2.06e-89	266
OG_31	WP_002289372.1	72.9	144	39	0	1	144	1	144	3.21e-68	212
OG_31	WP_029257821.1	53.8	145	66	1	1	144	1	145	2.29e-41	143
OG_31	WP_005687208.1	52.4	145	67	1	1	143	1	145	2.40e-41	143
OG_31	VIMSS260316	45.1	144	79	0	1	144	1	144	3.28e-37	132
OG_31	VIMSS911592	45.1	144	79	0	1	144	1	144	3.28e-37	132
OG_31	VIMSS1288583	44.4	144	80	0	1	144	4	147	9.72e-37	131
OG_31	VIMSS330224	48.9	141	71	1	5	144	4	144	5.99e-36	129
OG_31	biolip::6dntA	42.1	145	77	4	2	144	4	143	7.53e-27	105
OG_31	VIMSS189493	38.4	146	81	4	1	144	1	139	4.25e-24	98.2
OG_31	biolip::4zrmA	39.3	145	81	5	3	144	2	142	1.71e-22	94.0
OG_31	biolip::4zrmB	39.3	145	81	5	3	144	3	143	1.71e-22	94.0
OG_31	VIMSS1398	39.3	145	81	5	3	144	2	142	1.73e-22	94.0
OG_31	VIMSS10350240	41.2	136	72	4	4	135	14	145	2.14e-21	91.3
OG_31	VIMSS1244108	41.2	136	72	4	4	135	14	145	2.14e-21	91.3
OG_31	VIMSS2093425	41.2	136	72	4	4	135	14	145	2.16e-21	91.3
OG_31	VIMSS876169	45.5	143	71	5	5	144	7	145	2.48e-21	90.9
OG_31	WP_014757539.1	38.7	142	81	4	3	143	2	138	3.84e-20	87.8
OG_31	VIMSS60517	42.5	146	77	5	2	144	4	145	9.56e-19	84.0
OG_31	biolip::6wjbB	41.8	146	78	5	2	144	2	143	1.31e-18	83.6
OG_31	VIMSS873606	41.8	146	78	5	2	144	4	145	1.34e-18	83.6
OG_31	WP_013160161.1	34.0	141	79	4	3	133	2	138	1.67e-18	83.6
OG_31	WP_008362715.1	33.9	127	78	3	3	127	2	124	4.61e-18	82.4
OG_31	VIMSS10160035	35.9	142	81	4	2	143	4	135	9.14e-17	78.6
OG_8	VIMSS356327	97.6	461	11	0	1	461	138	598	0.0	906
OG_8	WP_014525033.1	73.8	458	119	1	1	458	138	594	3.13e-237	673
OG_8	WP_002263335.1	47.3	186	86	4	29	205	775	957	3.13e-38	152
OG_8	CAZy::BAF03559.1	47.3	186	86	4	29	205	775	957	3.13e-38	152
OG_8	WP_014334925.1	45.2	186	91	3	29	205	861	1044	1.09e-37	150
OG_8	WP_021002875.1	37.3	263	135	6	29	270	136	389	3.14e-36	146
OG_8	WP_009854465.1	45.7	186	90	3	29	205	788	971	3.77e-36	146
OG_8	WP_013852013.1	45.7	186	90	3	29	205	786	969	1.24e-35	144
OG_8	VIMSS10396070	45.2	186	91	3	29	205	786	969	4.08e-35	143
OG_8	WP_014620169.1	45.2	186	91	3	29	205	788	971	4.09e-35	143
OG_8	VIMSS5791925	30.8	321	204	8	1	318	86	391	3.87e-31	131
OG_8	S2NSV8	31.5	333	210	9	1	330	86	403	1.26e-30	129
OG_8	CAZy::BAH11115.1	40.2	214	109	6	21	218	643	853	2.17e-30	129
OG_29	WP_002356893.1	98.4	189	3	0	2	190	2	190	8.21e-138	385
OG_29	WP_002820836.1	69.5	190	56	1	1	190	2	189	6.18e-94	275
OG_29	VIMSS330212	75.0	176	44	0	2	177	5	180	3.99e-93	272
OG_29	VIMSS5793847	67.2	189	60	1	2	190	4	190	1.23e-91	269
OG_29	VIMSS2280326	60.2	186	70	2	2	187	2	183	3.23e-79	237
OG_29	biolip::3rykA	58.3	175	71	1	2	176	3	175	3.26e-67	206
OG_29	VIMSS350866	54.7	179	80	1	2	180	2	179	1.04e-62	195
OG_29	VIMSS3728484	50.3	181	86	2	8	188	9	185	4.34e-60	189
OG_29	WP_015504001.1	52.2	178	82	3	1	178	4	178	3.64e-59	186
OG_29	WP_003407042.1	51.4	185	84	3	3	187	3	181	9.44e-59	185
OG_29	VIMSS149420	53.7	175	78	3	3	176	4	176	1.44e-55	177
OG_29	VIMSS345940	53.1	175	79	3	3	176	4	176	2.90e-55	176
OG_29	VIMSS237002	50.0	180	88	2	2	180	2	180	5.83e-55	176
OG_29	VIMSS562806	50.0	182	90	1	4	185	4	184	2.01e-53	172
OG_29	VIMSS16146	52.2	178	80	4	3	178	3	177	2.03e-53	172
OG_29	VIMSS673229	50.6	180	84	4	2	178	2	179	2.88e-53	171
OG_29	VIMSS338741	52.5	181	81	5	2	179	2	180	8.72e-53	170
OG_29	VIMSS10381086	47.5	179	89	3	3	178	6	182	2.89e-52	169
OG_29	VIMSS7589635	52.0	171	80	2	2	171	2	171	4.27e-52	168
OG_29	WP_025295307.1	48.3	172	87	1	19	190	11	180	9.70e-52	167
OG_29	BRENDA::O05369	50.3	167	81	2	2	168	2	166	1.11e-51	167
OG_29	VIMSS1105742	51.5	171	79	3	2	170	2	170	7.16e-51	165
OG_29	VIMSS7022096	49.7	177	85	3	2	178	2	174	8.70e-51	165
OG_29	VIMSS132216	49.7	159	80	0	20	178	21	179	1.15e-50	165
OG_29	VIMSS751001	48.6	181	89	4	3	182	3	180	6.55e-50	163
OG_62	VIMSS356327	99.6	893	4	0	1	893	1	893	0.0	1639
OG_62	WP_014525033.1	71.4	815	232	1	1	815	1	814	0.0	1019
OG_62	WP_002263335.1	47.8	186	85	4	166	342	775	957	1.00e-37	157
OG_62	CAZy::BAF03559.1	47.8	186	85	4	166	342	775	957	1.00e-37	157
OG_62	WP_014334925.1	46.2	186	89	3	166	342	861	1044	1.53e-37	156
OG_62	WP_009854465.1	46.8	186	88	3	166	342	788	971	5.16e-36	151
OG_62	WP_013852013.1	46.8	186	88	3	166	342	786	969	1.57e-35	150
OG_62	WP_021002875.1	42.7	211	101	5	166	364	136	338	2.80e-35	149
OG_62	VIMSS10396070	46.2	186	89	3	166	342	786	969	4.79e-35	148
OG_62	WP_014620169.1	46.2	186	89	3	166	342	788	971	4.81e-35	148
OG_62	VIMSS5791925	31.2	321	203	7	138	455	86	391	1.95e-32	140
OG_62	CAZy::BAH11115.1	39.8	221	119	5	133	342	618	835	9.00e-32	137
OG_62	S2NSV8	31.0	335	209	8	138	467	86	403	3.15e-31	136
OG_62	WP_011101733.1	30.7	238	153	7	138	373	3	230	2.45e-26	116
OG_62	WP_172643146.1	34.0	212	126	8	165	373	33	233	1.66e-24	110
OG_53	VIMSS356326	93.8	178	11	0	1	178	100	277	2.78e-116	338
OG_53	VIMSS112437	69.7	178	54	0	1	178	100	277	2.33e-88	267
OG_53	WP_038702803.1	65.2	178	62	0	1	178	100	277	2.90e-83	254
OG_53	P35880	48.9	178	91	0	1	178	100	277	3.59e-59	192
OG_53	WP_014621681.1	48.3	178	92	0	1	178	100	277	1.58e-56	186
OG_53	P35881	47.8	178	93	0	1	178	100	277	4.79e-55	182
OG_53	VIMSS275100	44.4	178	99	0	1	178	100	277	1.00e-50	171
OG_53	VIMSS1074310	33.7	175	115	1	5	178	123	297	1.40e-31	121
OG_53	VIMSS5924605	33.1	175	116	1	5	178	123	297	2.72e-31	120
OG_53	VIMSS1074960	32.0	175	118	1	5	178	125	299	7.66e-30	116
OG_53	P80011	32.0	175	118	1	5	178	106	280	5.87e-29	114
OG_53	VIMSS879649	32.6	175	117	1	5	178	122	296	1.03e-28	113
OG_53	VIMSS369637	29.6	179	121	1	5	178	29	207	2.84e-28	110
OG_53	VIMSS876986	32.0	175	118	1	5	178	122	296	1.97e-27	110
OG_53	VIMSS369375	29.6	179	121	1	5	178	116	294	3.79e-27	109
OG_53	VIMSS369461	29.4	160	108	1	5	159	116	275	1.34e-24	102
OG_53	WP_237023175.1	35.3	68	44	0	111	178	3	70	1.44e-08	55.8
OG_77	VIMSS356333	89.3	28	3	0	1	28	473	500	1.71e-10	56.2
OG_77	WP_002364384.1	89.3	28	3	0	1	28	473	500	1.71e-10	56.2
OG_27	WP_002379616.1	98.1	216	4	0	1	216	1	216	8.33e-152	426
OG_27	VIMSS356344	98.1	216	4	0	1	216	20	235	1.64e-151	426
OG_27	WP_002356895.1	97.7	216	5	0	1	216	1	216	6.83e-151	423
OG_27	VIMSS1868318	63.3	215	78	1	2	216	3	216	4.08e-96	285
OG_27	VIMSS1256217	60.9	215	84	0	2	216	3	217	3.38e-92	275
OG_27	VIMSS7781014	62.0	213	80	1	1	212	1	213	9.26e-91	271
OG_27	WP_014621820.1	60.6	213	83	1	1	212	1	213	3.05e-89	267
OG_27	VIMSS77007	64.3	213	75	1	1	212	1	213	3.60e-89	268
OG_27	VIMSS133208	59.6	213	85	1	1	212	1	213	8.69e-89	266
OG_27	WP_000600901.1	59.6	213	85	1	1	212	1	213	1.23e-88	266
OG_27	VIMSS2125661	63.4	213	77	1	1	212	1	213	5.88e-88	265
OG_27	VIMSS3789333	60.1	213	84	1	1	212	1	213	4.05e-87	262
OG_27	WP_014713146.1	59.2	213	86	1	1	212	1	213	5.74e-87	261
OG_27	WP_255262719.1	58.2	213	88	1	1	212	2	214	2.48e-86	260
OG_27	VIMSS922883	58.2	213	88	1	1	212	1	213	3.40e-86	259
OG_27	VIMSS330214	60.0	215	85	1	2	216	4	217	8.52e-86	258
OG_27	WP_000600895.1	59.2	213	86	1	1	212	1	213	7.87e-85	256
OG_27	VIMSS298256	58.7	213	87	1	1	212	1	213	3.18e-84	254
OG_27	VIMSS3065023	52.8	214	100	1	3	216	14	226	7.98e-76	233
OG_27	VIMSS4040681	51.2	215	104	1	2	216	3	216	2.12e-70	219
OG_27	VIMSS21753	47.0	215	108	5	2	216	3	211	5.71e-58	187
OG_27	VIMSS11033791	46.8	216	109	5	2	216	3	213	4.58e-57	185
OG_27	WP_013295192.1	47.0	215	108	4	2	216	3	211	1.45e-56	184
OG_27	VIMSS4258742	45.2	210	113	2	3	212	4	211	6.20e-55	180
OG_27	biolip::3sc6B	44.7	215	116	3	2	216	8	219	1.17e-54	179
OG_34	VIMSS356350	98.8	260	3	0	1	260	3	262	5.84e-189	521
OG_34	WP_002359892.1	98.5	260	4	0	1	260	3	262	3.38e-188	519
OG_34	VIMSS10481768	30.6	258	166	7	6	256	8	259	1.76e-33	125
OG_34	VIMSS742639	34.2	202	130	2	59	258	74	274	3.64e-31	120
OG_34	VIMSS5607870	33.7	264	157	9	5	259	8	262	3.58e-29	115
OG_34	VIMSS562447	33.7	264	157	9	5	259	8	262	3.58e-29	115
OG_34	WP_039224669.1	35.4	195	123	2	66	258	86	279	2.52e-27	110
OG_34	M6S231	28.1	285	165	9	5	258	5	280	1.05e-23	100
OG_34	WP_071662433.1	28.1	196	137	3	63	257	73	265	1.58e-23	99.8
OG_34	VIMSS218815	27.6	232	150	4	5	229	6	226	2.27e-18	86.7
OG_34	WP_000262536.1	28.9	249	145	11	4	241	1	228	4.03e-13	71.2
OG_34	VIMSS1746407	27.3	205	142	3	28	228	22	223	6.41e-12	68.2
OG_34	CAZy::AAF04375.1	27.3	205	142	3	28	228	29	230	6.80e-12	68.2
OG_34	CAZy::AAF04376.1	26.8	205	143	3	28	228	29	230	7.99e-11	65.1
OG_34	P36667	28.1	249	148	11	4	241	1	229	1.14e-10	64.3
OG_34	VIMSS1936101	25.0	212	145	3	28	228	21	229	1.74e-09	61.2
OG_34	SwissProt::P9WMY3	25.0	212	145	3	28	228	27	235	1.80e-09	61.2
OG_34	VIMSS81544	29.9	147	96	3	84	228	94	235	3.66e-08	57.4
OG_42	VIMSS356326	95.0	101	5	0	1	101	292	392	6.09e-60	191
OG_42	VIMSS112437	67.7	99	32	0	3	101	294	392	1.58e-39	138
OG_42	WP_038702803.1	58.0	100	42	0	2	101	293	392	4.54e-31	116
OG_42	P35881	55.1	98	44	0	2	99	293	390	2.55e-26	103
OG_42	VIMSS275100	55.1	98	44	0	2	99	293	390	6.85e-26	102
OG_42	WP_014621681.1	55.6	99	43	1	2	99	293	391	4.99e-25	100
OG_42	P35880	47.8	67	34	1	4	69	295	361	1.90e-10	59.7
OG_42	VIMSS1180646	36.5	63	39	1	4	65	306	368	3.09e-06	47.8
OG_42	VIMSS3803936	33.3	78	51	1	4	80	63	140	1.04e-05	45.4
OG_42	WP_001122813.1	29.1	79	55	1	3	80	301	379	2.74e-05	45.1
OG_93	VIMSS356322	74.0	73	19	0	1	73	255	327	1.51e-25	100
OG_81	VIMSS356315	95.7	234	10	0	28	261	76	309	2.46e-158	445
OG_81	Q88WP5	44.6	222	121	1	36	255	89	310	4.54e-54	180
OG_81	VIMSS38270	48.4	221	107	5	35	251	87	304	9.80e-54	179
OG_81	VIMSS157518	46.9	224	97	4	21	234	71	282	4.30e-53	177
OG_81	VIMSS360978	49.5	210	96	4	34	237	87	292	8.37e-53	177
OG_81	WP_178939141.1	50.0	208	98	4	34	237	87	292	9.30e-52	174
OG_81	VIMSS1867980	42.2	237	132	3	24	258	76	309	1.84e-49	168
OG_81	VIMSS64947	41.3	225	123	4	36	255	85	305	3.26e-48	165
OG_81	VIMSS313773	44.2	215	113	4	28	236	81	294	1.88e-44	156
OG_81	VIMSS103445	44.4	205	107	4	36	234	88	291	3.14e-44	155
OG_81	VIMSS666586	43.9	205	108	4	36	234	88	291	6.21e-44	154
OG_81	A4VVZ3	46.3	203	96	6	36	237	85	275	1.24e-42	150
OG_81	WP_002263069.1	43.0	223	113	6	34	255	83	292	1.24e-42	150
OG_81	VIMSS923006	43.4	228	113	7	34	259	84	297	1.98e-42	150
OG_81	WP_015605149.1	44.8	203	99	4	36	237	85	275	1.75e-38	139
OG_81	VIMSS3374429	37.4	238	142	4	22	255	77	311	1.59e-37	137
OG_81	WP_014410720.1	36.8	223	129	4	16	230	120	338	6.29e-36	134
OG_81	VIMSS10375891	38.9	203	106	5	34	227	79	272	3.63e-29	115
OG_81	WP_137090378.1	37.4	187	110	4	44	227	92	274	2.03e-27	110
OG_81	VIMSS602980	38.4	203	113	5	40	234	88	286	6.80e-26	106
OG_81	VIMSS5463822	34.2	193	119	3	46	236	94	280	8.17e-24	101
OG_81	VIMSS5917042	31.6	228	145	4	21	242	69	291	5.60e-23	99.0
OG_81	VIMSS246007	30.9	230	147	4	24	247	78	301	9.11e-22	95.9
OG_81	VIMSS179410	34.0	200	122	4	42	234	95	291	1.23e-21	95.5
OG_81	Q9H3H1	30.4	227	125	3	36	229	106	332	5.35e-21	95.5
OG_50	WP_002356893.1	98.4	63	1	0	1	63	1	63	2.73e-39	130
OG_50	VIMSS330212	73.0	63	17	0	1	63	4	66	8.93e-26	96.3
OG_50	WP_002820836.1	66.7	63	21	0	1	63	2	64	1.69e-24	93.2
OG_50	VIMSS5793847	65.1	63	22	0	1	63	3	65	1.38e-23	90.9
OG_50	VIMSS2280326	57.1	63	27	0	1	63	1	63	3.99e-22	87.0
OG_50	biolip::3rykA	55.6	63	28	0	1	63	2	64	2.76e-17	74.3
OG_50	BRENDA::O05369	58.7	63	25	1	1	63	1	62	8.39e-17	73.2
OG_50	VIMSS7022096	57.1	63	26	1	1	63	1	62	1.16e-16	72.8
OG_50	VIMSS7589635	57.8	64	25	2	1	63	1	63	1.95e-15	69.7
OG_50	VIMSS673229	53.8	65	27	2	1	63	1	64	1.13e-14	67.8
OG_50	VIMSS237002	53.1	64	28	2	1	63	1	63	2.36e-13	64.3
OG_50	WP_038447389.1	53.6	69	25	3	1	63	1	68	1.40e-12	62.4
OG_50	VIMSS757219	46.9	64	32	2	1	63	1	63	1.05e-11	60.1
OG_50	VIMSS751001	46.9	64	32	2	1	63	1	63	1.05e-11	60.1
OG_50	VIMSS3633279	46.9	64	32	2	1	63	1	63	1.05e-11	60.1
OG_50	biolip::6ndrA	46.9	64	32	2	1	63	2	64	1.07e-11	60.1
OG_50	WP_172156300.1	41.9	62	36	0	1	62	1	62	7.74e-11	57.8
OG_50	WP_116702180.1	46.8	62	33	0	1	62	1	62	1.10e-10	57.4
OG_50	VIMSS1105742	47.7	65	30	3	1	63	1	63	2.07e-10	56.6
OG_50	VIMSS3728484	44.6	56	31	0	8	63	9	64	4.18e-10	55.8
OG_22	WP_002383748.1	98.1	321	6	0	1	321	4	324	2.64e-225	618
OG_22	WP_002356922.1	96.5	315	11	0	1	315	1	315	3.33e-217	597
OG_22	WP_002289372.1	68.2	314	100	0	1	314	1	314	1.96e-158	448
OG_22	WP_029257821.1	51.6	310	144	2	1	309	1	305	1.22e-102	306
OG_22	VIMSS260316	46.8	314	162	2	1	314	1	309	1.27e-100	302
OG_22	VIMSS911592	46.8	314	162	2	1	314	1	309	1.27e-100	302
OG_22	VIMSS1288583	46.5	314	163	2	1	314	4	312	3.97e-100	301
OG_22	VIMSS330224	48.4	306	151	3	5	309	4	303	9.59e-96	289
OG_22	WP_005687208.1	48.4	312	154	2	1	310	1	307	4.81e-95	287
OG_22	VIMSS189493	42.0	314	166	7	1	312	1	300	2.01e-74	234
OG_22	biolip::6dntA	40.1	299	165	7	2	298	4	290	6.40e-65	210
OG_22	VIMSS876169	43.8	290	151	6	5	291	7	287	6.17e-62	202
OG_22	biolip::4zrmA	38.5	314	177	11	3	312	2	303	4.74e-61	200
OG_22	biolip::4zrmB	38.5	314	177	11	3	312	3	304	4.74e-61	200
OG_22	VIMSS1398	38.5	314	177	11	3	312	2	303	4.88e-61	200
OG_22	VIMSS10350240	39.4	317	177	8	4	314	14	321	1.61e-59	197
OG_22	VIMSS1244108	39.4	317	177	8	4	314	14	321	1.61e-59	197
OG_22	VIMSS2093425	39.4	315	176	8	4	312	14	319	3.28e-59	196
OG_22	biolip::6wjbB	42.9	294	156	7	2	292	2	286	4.17e-59	195
OG_22	biolip::6wj9A	42.9	294	156	7	2	292	1	285	5.72e-59	195
OG_22	biolip::6wj9B	42.9	294	156	7	2	292	2	286	5.88e-59	195
OG_22	VIMSS873606	42.5	294	157	7	2	292	4	288	2.46e-58	193
OG_22	VIMSS216201	41.1	292	160	6	5	293	7	289	2.46e-58	193
OG_22	WP_001077698.1	36.7	327	179	10	4	312	18	334	3.68e-57	191
OG_22	WP_014757539.1	38.8	312	176	10	3	312	2	300	6.43e-57	190
OG_17	VIMSS356335	94.8	405	21	0	1	405	1	405	1.97e-280	764
OG_17	VIMSS259453	35.0	397	255	1	2	398	12	405	2.27e-84	266
OG_17	VIMSS3803686	54.2	236	108	0	3	238	4	239	6.37e-84	266
OG_17	VIMSS5925488	44.7	253	140	0	2	254	3	255	7.13e-70	230
OG_17	biolip::7k2tC	36.1	357	205	6	5	360	1	335	7.42e-69	225
OG_17	biolip::7k2tA	36.2	359	204	6	5	360	1	337	1.11e-68	225
OG_17	VIMSS1174799	46.2	238	127	1	5	242	4	240	1.35e-68	226
OG_17	WP_005741031.1	45.5	257	140	0	2	258	3	259	3.20e-67	223
OG_17	WP_001108294.1	41.6	257	145	3	4	259	3	255	1.70e-66	224
OG_17	VIMSS367216	35.5	400	215	8	2	359	6	404	1.99e-65	219
OG_17	biolip::6m96A	44.0	234	129	1	5	238	2	233	2.28e-65	212
OG_17	VIMSS5593439	46.9	241	126	1	2	242	3	241	7.79e-65	218
OG_17	VIMSS334088	44.7	246	128	1	5	242	7	252	1.17e-64	217
OG_17	Q07698	44.6	242	132	1	1	242	1	240	5.39e-64	211
OG_17	VIMSS6365505	44.5	254	123	2	2	238	5	257	8.58e-64	215
OG_17	VIMSS248621	36.2	334	193	4	3	325	8	332	2.17e-63	213
OG_17	ENA::AAC98415.1	39.3	242	143	1	5	242	4	245	1.02e-62	205
OG_17	VIMSS6365502	50.7	217	106	1	22	238	40	255	1.17e-62	212
OG_17	VIMSS1849208	44.5	247	123	2	5	238	3	248	1.26e-62	212
OG_17	VIMSS742645	44.5	247	123	2	5	238	7	252	1.38e-62	212
OG_17	VIMSS4518605	52.5	200	94	1	39	238	1	199	1.44e-62	210
OG_17	VIMSS57837	46.6	234	122	1	5	238	10	240	2.40e-62	210
OG_17	VIMSS4518607	51.4	208	99	2	39	245	1	207	4.74e-61	206
OG_17	CharProtDB::CH_000689	37.7	244	148	1	3	242	2	245	8.87e-61	200
OG_17	VIMSS1109521	40.7	246	144	1	2	245	4	249	1.37e-60	200
OG_91	VIMSS2092768	33.8	77	46	2	5	79	85	158	2.39e-06	46.2
OG_36	VIMSS356352	99.0	302	3	0	1	302	1	302	1.92e-194	538
OG_36	VIMSS157930	33.6	274	181	1	2	275	4	276	1.20e-43	154
OG_36	VIMSS37323	34.0	262	173	0	14	275	1	262	1.52e-40	145
OG_36	VIMSS357829	28.8	281	199	1	2	282	3	282	2.58e-31	122
OG_36	WP_078228296.1	34.0	247	160	2	32	275	29	275	6.73e-31	120
OG_36	VIMSS915697	32.2	242	162	2	38	277	89	330	3.15e-27	113
OG_36	VIMSS667315	30.0	240	167	1	38	277	95	333	4.62e-25	107
OG_36	VIMSS913420	30.0	240	167	1	38	277	95	333	4.31e-24	104
OG_36	VIMSS104016	30.0	240	167	1	38	277	95	333	4.31e-24	104
OG_83	WP_002356909.1	100	60	0	0	1	60	151	210	1.93e-31	116
OG_83	WP_002359907.1	100	60	0	0	1	60	151	210	1.93e-31	116
OG_83	VIMSS7619286	43.9	57	32	0	4	60	154	210	1.29e-09	55.5
OG_33	VIMSS356349	98.2	275	5	0	1	275	1	275	2.29e-193	533
OG_33	WP_002413364.1	96.4	275	10	0	1	275	1	275	4.25e-189	522
