OG_2	VIMSS356325	100	39	0	0	1	39	196	234	2.49e-19	79.7
OG_2	metacyc::MONOMER-17174	47.1	34	18	0	1	34	197	230	6.99e-04	38.1
OG_72	VIMSS356333	61.5	109	11	1	1	78	283	391	1.73e-34	127
OG_72	WP_002364384.1	60.6	109	12	1	1	78	283	391	1.14e-33	124
OG_72	WP_149113283.1	49.2	61	31	0	1	61	291	351	3.65e-14	69.3
OG_72	VIMSS1206030	49.2	61	31	0	1	61	341	401	6.51e-11	60.1
OG_72	VIMSS334087	39.3	61	37	0	1	61	1128	1188	1.35e-08	53.5
OG_72	WP_227028673.1	51.1	47	23	0	5	51	318	364	3.38e-08	52.4
OG_72	WP_015087877.1	52.2	46	22	0	5	50	330	375	1.18e-07	50.8
OG_72	WP_015452749.1	45.6	57	31	0	5	61	174	230	4.09e-07	49.3
OG_72	WP_211218761.1	36.5	52	33	0	5	56	830	881	2.48e-05	44.3
OG_72	VIMSS4258745	37.7	61	37	1	2	61	387	447	3.33e-05	43.9
OG_67	VIMSS356341	94.3	53	3	0	1	53	182	234	1.10e-27	102
OG_82	VIMSS356349	97.4	78	2	0	1	78	1	78	4.52e-47	154
OG_82	WP_002413364.1	96.2	78	3	0	1	78	1	78	3.62e-46	151
OG_71	VIMSS356334	79.8	114	11	1	1	102	200	313	5.54e-50	172
OG_71	WP_002356902.1	78.9	114	12	1	1	102	200	313	7.56e-50	172
OG_46	VIMSS356345	97.4	342	9	0	1	342	1	342	2.47e-249	680
OG_46	WP_002356894.1	97.1	342	10	0	1	342	1	342	1.01e-248	679
OG_46	VIMSS923020	80.4	337	66	0	2	338	3	339	3.82e-206	571
OG_46	VIMSS2015454	80.4	337	66	0	2	338	3	339	5.42e-206	571
OG_46	WP_002884100.1	79.8	337	68	0	2	338	5	341	1.94e-204	567
OG_46	SwissProt::P95780	79.8	337	68	0	2	338	5	341	3.92e-204	566
OG_46	WP_003002700.1	79.5	337	69	0	2	338	5	341	3.92e-204	566
OG_46	WP_002947383.1	79.2	337	70	0	2	338	5	341	1.12e-203	565
OG_46	biolip::1kerB	78.6	337	72	0	2	338	4	340	6.25e-203	563
OG_46	WP_012000428.1	79.2	337	70	0	2	338	5	341	6.48e-203	563
OG_46	VIMSS7781015	78.3	337	73	0	2	338	5	341	1.86e-202	562
OG_46	WP_024531966.1	78.6	337	72	0	2	338	5	341	1.52e-201	560
OG_46	WP_000141499.1	78.0	337	74	0	2	338	5	341	5.26e-200	556
OG_46	ENA::AAC44971.1	78.0	337	74	0	2	338	5	341	7.47e-200	555
OG_46	WP_016386644.1	71.2	340	98	0	3	342	2	341	1.98e-186	521
OG_46	WP_014569852.1	71.2	340	98	0	3	342	2	341	2.81e-186	521
OG_46	VIMSS5793846	71.2	340	98	0	3	342	2	341	3.27e-185	518
OG_46	VIMSS2125660	73.2	339	90	1	2	339	5	343	2.61e-184	516
OG_46	WP_011743790.1	66.6	341	105	2	2	342	9	340	4.94e-168	474
OG_46	VIMSS280489	67.0	339	103	2	4	342	18	347	7.37e-167	472
OG_46	VIMSS10179413	66.8	337	103	2	6	342	1	328	2.50e-165	467
OG_46	WP_008783180.1	66.3	341	106	2	2	342	9	340	1.48e-162	461
OG_46	WP_041473656.1	65.4	341	109	2	2	342	9	340	2.10e-162	460
OG_46	WP_041080263.1	64.8	341	111	2	2	342	9	340	5.68e-160	454
OG_46	WP_013389372.1	65.4	341	109	2	2	342	9	340	8.06e-160	454
OG_35	VIMSS356334	94.0	722	27	3	8	713	326	1047	0.0	1323
OG_35	WP_002356902.1	93.8	722	29	3	8	713	326	1047	0.0	1321
OG_35	VIMSS356333	36.1	696	394	12	65	710	5	699	5.44e-129	402
OG_35	WP_002364384.1	35.9	696	395	12	65	710	5	699	4.22e-128	400
OG_35	VIMSS4258745	38.9	504	284	7	194	676	257	757	6.35e-96	318
OG_35	WP_060708698.1	35.0	543	309	11	204	710	137	671	1.68e-87	293
OG_35	VIMSS6365506	34.7	531	316	9	210	710	166	695	2.80e-87	293
OG_35	WP_095597216.1	35.1	524	304	11	220	710	273	793	8.60e-86	291
OG_35	WP_057107652.1	34.6	544	307	12	205	710	261	793	2.31e-85	290
OG_35	WP_227028673.1	34.5	537	313	11	208	710	199	730	1.41e-82	281
OG_35	WP_149113283.1	35.2	514	309	8	203	710	173	668	1.82e-80	281
OG_35	WP_015087877.1	34.1	537	315	12	208	710	211	742	1.22e-78	271
OG_35	WP_058463750.1	32.9	547	316	16	204	710	118	653	3.34e-78	267
OG_35	VIMSS10133934	32.9	535	315	11	213	710	359	886	1.55e-76	268
OG_35	WP_015452749.1	33.4	515	301	12	202	680	49	557	2.22e-76	261
OG_35	VIMSS334087	35.6	480	282	10	220	676	1025	1500	3.80e-73	263
OG_35	VIMSS1206030	31.6	484	302	9	220	676	238	719	8.94e-71	250
OG_35	VIMSS259451	32.3	477	296	10	222	676	87	558	3.24e-57	209
OG_35	VIMSS3008237	39.5	261	148	8	216	470	677	933	9.49e-40	161
OG_35	Q832Q0	46.7	105	52	4	220	324	2	102	8.10e-18	89.4
OG_35	WP_173940362.1	33.0	209	130	7	222	425	2	205	1.66e-17	88.2
OG_35	BRENDA::D0QYM5	27.5	233	161	7	199	428	418	645	4.56e-16	87.0
OG_35	Q8L0V4	25.9	243	164	6	177	418	400	627	3.20e-15	84.0
OG_35	WP_003422862.1	37.0	135	80	4	222	355	6	136	3.28e-15	80.1
OG_35	biolip::2z86C	25.8	240	162	6	180	418	324	548	6.38e-15	82.8
OG_41	P19775	99.0	390	4	0	1	390	1	390	3.42e-278	757
OG_41	WP_002296840.1	58.1	391	162	2	1	389	1	391	2.63e-155	446
OG_41	WP_023483236.1	43.6	388	215	3	1	387	1	385	6.84e-105	318
OG_41	WP_048340531.1	38.7	388	232	5	1	387	1	383	1.84e-87	274
OG_41	VIMSS131375	40.1	367	215	4	24	389	22	384	1.63e-83	263
OG_41	VIMSS121854	40.3	340	199	3	24	362	22	358	3.46e-76	245
OG_41	VIMSS2229244	37.4	358	220	3	32	387	44	399	8.78e-74	239
OG_41	VIMSS534785	37.4	366	225	3	24	387	22	385	2.43e-73	238
OG_41	VIMSS1227164	41.9	322	182	4	67	387	65	382	3.27e-73	237
OG_41	VIMSS2232065	37.4	366	225	3	24	387	36	399	3.56e-73	238
OG_41	VIMSS533964	37.4	366	225	3	24	387	22	385	4.82e-73	237
OG_41	WP_033722227.1	37.2	358	221	3	32	387	30	385	6.60e-73	236
OG_41	VIMSS35414	36.5	367	228	5	24	387	22	386	1.70e-69	228
OG_41	WP_017682404.1	36.7	365	226	4	25	387	23	384	5.59e-69	226
OG_41	VIMSS844512	37.3	362	223	4	24	383	24	383	2.85e-68	224
OG_41	WP_087534779.1	34.5	385	246	6	6	389	1	380	1.53e-67	222
OG_41	VIMSS4212643	33.2	376	245	5	14	387	10	381	8.01e-67	220
OG_41	WP_009882371.1	34.0	374	235	5	24	387	25	396	1.54e-63	213
OG_41	P60230	34.8	391	249	5	1	389	1	387	2.41e-63	212
OG_41	VIMSS34888	34.8	391	249	5	1	389	1	387	2.41e-63	212
OG_41	P24575	34.2	371	233	7	24	389	23	387	2.74e-57	195
OG_41	VIMSS1748734	35.1	333	209	5	1	331	1	328	3.19e-56	192
OG_41	VIMSS2230719	42.7	232	132	1	32	262	44	275	9.78e-55	186
OG_41	VIMSS2126784	31.0	355	234	7	23	373	19	366	1.08e-52	183
OG_41	WP_014621681.1	30.1	355	237	7	23	373	19	366	1.75e-50	177
OG_7	VIMSS356334	87.1	140	5	1	2	128	898	1037	1.49e-69	229
OG_7	WP_002356902.1	86.4	140	6	1	2	128	898	1037	5.35e-69	227
OG_76	WP_014525033.1	96.0	200	8	0	1	200	1	200	2.22e-69	229
OG_76	VIMSS356327	96.0	200	8	0	1	200	1	200	5.20e-69	229
OG_76	WP_013852013.1	65.7	35	12	0	166	200	786	820	7.55e-05	47.0
OG_76	VIMSS10396070	65.7	35	12	0	166	200	786	820	7.55e-05	47.0
OG_76	WP_014620169.1	65.7	35	12	0	166	200	788	822	7.55e-05	47.0
OG_76	WP_009854465.1	65.7	35	12	0	166	200	788	822	7.55e-05	47.0
OG_44	VIMSS356343	96.3	241	9	0	1	241	1	241	1.81e-164	457
OG_44	WP_002356896.1	95.9	241	10	0	1	241	1	241	7.39e-164	456
OG_44	VIMSS7780998	61.4	241	90	2	1	241	1	238	1.13e-97	288
OG_44	WP_000021473.1	47.7	237	118	2	2	238	11	241	5.85e-64	202
OG_44	WP_000021476.1	47.3	237	119	2	2	238	11	241	4.72e-63	200
OG_44	VIMSS101155	47.6	233	113	2	1	233	1	224	5.69e-59	189
OG_44	VIMSS5804371	40.6	234	118	7	4	233	6	222	3.36e-43	149
OG_44	WP_014040394.1	38.4	164	88	3	1	164	1	151	2.59e-26	105
OG_44	VIMSS188503	35.5	152	82	3	7	153	11	151	1.79e-19	89.0
OG_44	WP_009364599.1	30.6	206	126	5	6	204	13	208	3.39e-18	85.9
OG_44	VIMSS1748439	28.9	225	134	7	2	213	23	234	7.24e-18	84.0
OG_44	SwissProt::C5CBV8	34.1	170	97	4	1	165	1	160	2.61e-17	82.0
OG_44	WP_036941943.1	32.5	169	99	5	2	165	10	168	7.12e-16	78.6
OG_44	VIMSS5607651	30.5	174	107	4	4	171	5	170	4.95e-15	75.9
OG_44	WP_002516800.1	28.2	220	140	5	2	213	12	221	9.83e-15	75.5
OG_44	VIMSS241797	29.6	213	132	6	4	208	24	226	1.36e-14	75.5
OG_44	VIMSS3698634	29.1	172	101	3	6	171	20	176	3.20e-14	73.6
OG_44	VIMSS5916611	29.3	232	147	6	4	227	11	233	6.53e-14	73.2
OG_44	WP_011123928.1	28.9	166	99	4	7	165	8	161	1.46e-12	69.3
OG_44	VIMSS25613	28.8	229	139	9	6	227	5	216	2.83e-11	66.2
OG_44	WP_004916164.1	29.3	174	97	7	1	163	1	159	3.54e-11	65.1
OG_44	VIMSS940144	28.2	177	111	7	1	171	1	167	3.04e-09	60.5
OG_44	VIMSS187763	32.6	132	76	4	1	128	1	123	7.49e-09	59.3
OG_44	biolip::5mlzA	32.6	132	76	4	1	128	4	126	7.55e-09	59.3
OG_44	XP_008375452.1	25.0	232	150	7	5	224	9	228	9.95e-09	58.2
OG_85	VIMSS356322	91.2	57	5	0	1	57	411	467	2.83e-25	99.4
OG_3	VIMSS356327	97.6	461	11	0	1	461	138	598	0.0	906
OG_3	WP_014525033.1	73.8	458	119	1	1	458	138	594	3.17e-237	673
OG_3	CAZy::BAF03559.1	47.3	186	86	4	29	205	775	957	3.17e-38	152
OG_3	WP_002263335.1	47.3	186	86	4	29	205	775	957	3.17e-38	152
OG_3	WP_021002875.1	37.3	263	135	6	29	270	136	389	3.18e-36	146
OG_3	WP_009854465.1	45.7	186	90	3	29	205	788	971	3.81e-36	146
OG_3	WP_013852013.1	45.7	186	90	3	29	205	786	969	1.26e-35	144
OG_3	VIMSS10396070	45.2	186	91	3	29	205	786	969	4.14e-35	143
OG_3	WP_014620169.1	45.2	186	91	3	29	205	788	971	4.14e-35	143
OG_3	WP_012490861.1	30.8	321	204	8	1	318	86	391	3.92e-31	131
OG_3	S2NSV8	31.5	333	210	9	1	330	86	403	1.28e-30	129
OG_3	CAZy::BAH11115.1	40.2	214	109	6	21	218	643	853	2.19e-30	129
OG_13	VIMSS356346	98.4	63	1	0	1	63	1	63	2.77e-39	130
OG_13	VIMSS330212	73.0	63	17	0	1	63	4	66	9.04e-26	96.3
OG_13	WP_002820836.1	66.7	63	21	0	1	63	2	64	1.71e-24	93.2
OG_13	VIMSS5793847	65.1	63	22	0	1	63	3	65	1.39e-23	90.9
OG_13	VIMSS4040679	57.1	63	27	0	1	63	1	63	4.04e-22	87.0
OG_13	biolip::3rykA	55.6	63	28	0	1	63	2	64	2.79e-17	74.3
OG_13	BRENDA::O05369	58.7	63	25	1	1	63	1	62	8.49e-17	73.2
OG_13	VIMSS7022096	57.1	63	26	1	1	63	1	62	1.17e-16	72.8
OG_13	VIMSS7589635	57.8	64	25	2	1	63	1	63	1.97e-15	69.7
OG_13	VIMSS673229	53.8	65	27	2	1	63	1	64	1.15e-14	67.8
OG_13	VIMSS237002	53.1	64	28	2	1	63	1	63	2.39e-13	64.3
OG_13	biolip::7pviAAA	48.2	56	29	0	8	63	21	76	3.08e-13	64.3
OG_13	WP_038447389.1	53.6	69	25	3	1	63	1	68	1.41e-12	62.4
OG_13	VIMSS757219	46.9	64	32	2	1	63	1	63	1.06e-11	60.1
OG_13	VIMSS3633279	46.9	64	32	2	1	63	1	63	1.06e-11	60.1
OG_13	VIMSS751001	46.9	64	32	2	1	63	1	63	1.06e-11	60.1
OG_13	biolip::6ndrA	46.9	64	32	2	1	63	2	64	1.08e-11	60.1
OG_13	WP_172156300.1	41.9	62	36	0	1	62	1	62	7.84e-11	57.8
OG_13	WP_116702180.1	46.8	62	33	0	1	62	1	62	1.11e-10	57.4
OG_13	VIMSS1105742	47.7	65	30	3	1	63	1	63	2.10e-10	56.6
OG_13	VIMSS3728484	44.6	56	31	0	8	63	9	64	4.23e-10	55.8
OG_47	VIMSS356319	98.1	473	9	0	1	473	1	473	7.50e-315	857
OG_47	VIMSS3790329	41.7	460	267	1	1	460	1	459	2.87e-105	325
OG_47	WP_014638249.1	41.4	447	261	1	6	452	2	447	6.74e-105	323
OG_47	WP_001092840.1	40.7	460	272	1	1	460	1	459	8.09e-103	318
OG_24	VIMSS356334	88.5	511	52	2	1	504	1	511	7.29e-311	871
OG_24	WP_002356902.1	88.1	511	54	2	1	504	1	511	4.17e-310	869
OG_12	VIMSS356320	98.0	49	1	0	1	49	1	49	1.45e-24	95.5
OG_12	WP_011963750.1	59.5	42	17	0	8	49	4	45	4.11e-10	56.2
OG_12	VIMSS2061742	64.3	42	15	0	8	49	3	44	3.76e-09	53.5
OG_54	VIMSS356352	99.0	302	3	0	1	302	1	302	1.94e-194	538
OG_54	VIMSS157930	33.6	274	181	1	2	275	4	276	1.22e-43	154
OG_54	VIMSS37323	34.0	262	173	0	14	275	1	262	1.53e-40	145
OG_54	VIMSS357829	28.8	281	199	1	2	282	3	282	2.61e-31	122
OG_54	WP_078228296.1	34.0	247	160	2	32	275	29	275	6.82e-31	120
OG_54	VIMSS915697	32.2	242	162	2	38	277	89	330	3.19e-27	113
OG_54	VIMSS667315	30.0	240	167	1	38	277	95	333	4.67e-25	107
OG_54	VIMSS104016	30.0	240	167	1	38	277	95	333	4.37e-24	104
OG_54	VIMSS913420	30.0	240	167	1	38	277	95	333	4.37e-24	104
OG_84	VIMSS356330	88.1	59	7	0	1	59	407	465	2.40e-27	105
OG_84	WP_002359907.1	74.6	59	15	0	1	59	407	465	1.58e-20	86.3
OG_84	VIMSS612097	70.7	41	12	0	1	41	406	446	2.93e-11	60.1
OG_84	WP_002289073.1	67.5	40	13	0	1	40	407	446	6.70e-10	56.2
OG_25	WP_168722225.1	49.8	235	118	0	1	235	1	235	3.73e-75	231
OG_25	WP_230096628.1	49.4	235	119	0	1	235	1	235	7.49e-75	231
OG_25	WP_003640330.1	44.0	243	134	1	1	243	2	242	4.53e-63	201
OG_25	VIMSS626983	42.4	238	124	5	4	235	6	236	9.35e-51	169
OG_25	B7HYD4	41.6	238	126	5	4	235	6	236	1.49e-49	166
OG_25	Q8RB32	41.3	235	131	4	2	233	3	233	6.28e-49	164
OG_25	VIMSS157516	40.7	243	130	6	1	241	1	231	2.58e-48	162
OG_25	SwissProt::A0A8F4N283	38.6	241	138	5	1	235	1	237	1.48e-44	153
OG_25	BRENDA::P54527	37.4	246	145	4	1	241	1	242	2.78e-44	152
OG_25	WP_230096406.1	35.1	242	130	5	2	230	3	230	9.96e-42	146
OG_25	WP_205143630.1	36.2	235	139	5	1	230	2	230	1.44e-41	145
OG_25	WP_012095323.1	34.2	237	153	2	1	236	1	235	5.27e-41	144
OG_25	WP_168722415.1	34.8	233	143	5	2	230	3	230	1.56e-40	143
OG_25	VIMSS193180	34.6	237	142	5	4	233	24	254	1.91e-39	140
OG_25	VIMSS118069	34.5	232	146	4	5	233	8	236	2.77e-39	140
OG_25	WP_230098322.1	35.6	233	141	5	2	230	3	230	4.83e-39	139
OG_25	VIMSS314189	31.8	245	141	6	4	234	12	244	3.58e-32	121
OG_25	WP_002820844.1	33.2	229	136	3	2	230	6	217	6.23e-32	120
OG_25	A7Z0Y3	32.0	247	143	6	5	231	41	282	7.83e-31	119
OG_25	biolip::5t9cE	30.2	258	137	7	5	233	11	254	2.26e-29	114
OG_25	VIMSS13876	35.6	216	125	6	4	211	7	216	3.78e-29	113
OG_25	NP_388095.1	30.2	258	137	7	5	233	41	284	4.25e-29	114
OG_25	VIMSS661821	31.0	239	151	6	4	232	16	250	8.52e-29	113
OG_25	VIMSS54150	30.2	232	156	4	4	233	6	233	9.51e-29	112
OG_25	VIMSS8378	37.1	232	130	7	4	228	7	229	1.57e-28	112
OG_56	Q3Y2R0	81.0	142	27	0	1	142	1	142	1.02e-76	228
OG_56	VIMSS5935889	74.0	146	38	0	1	146	1	146	1.89e-68	207
OG_56	VIMSS2060804	72.5	142	39	0	1	142	1	142	3.46e-68	206
OG_56	VIMSS116760	69.9	143	43	0	1	143	1	143	2.06e-67	204
OG_56	biolip::5ljiA	70.2	141	42	0	3	143	2	142	1.11e-66	202
OG_56	WP_002263152.1	69.4	147	45	0	1	147	1	147	4.84e-66	201
OG_56	WP_012775265.1	64.8	145	48	1	1	142	1	145	4.15e-59	183
OG_56	VIMSS1789848	65.7	143	49	0	1	143	1	143	6.89e-59	182
OG_56	WP_003564526.1	62.8	145	51	1	1	142	1	145	7.93e-57	177
OG_56	VIMSS356694	55.2	145	64	1	1	144	1	145	1.17e-46	152
OG_56	WP_002382673.1	55.2	145	64	1	1	144	3	147	1.24e-46	152
OG_56	VIMSS331527	50.3	143	70	1	1	142	1	143	3.93e-44	145
OG_56	VIMSS5816674	49.7	147	73	1	1	146	1	147	5.05e-40	135
OG_56	VIMSS635745	43.0	135	76	1	6	139	6	140	3.40e-27	102
OG_56	NP_389300.2	42.4	144	80	2	3	143	1	144	5.36e-27	102
OG_56	biolip::6gaqA	41.5	135	78	1	6	139	5	139	2.65e-26	100
OG_56	WP_001062752.1	41.5	135	78	1	6	139	6	140	2.72e-26	100
OG_56	VIMSS360812	41.5	135	78	1	6	139	13	147	3.29e-26	100
OG_56	NP_389298.1	38.3	141	86	1	1	140	1	141	5.83e-25	97.1
OG_56	WP_048370582.1	36.0	139	88	1	1	138	1	139	1.80e-21	87.8
OG_56	B7HK99	36.7	139	87	1	1	138	1	139	2.54e-21	87.4
OG_56	WP_000041153.1	36.7	139	87	1	1	138	1	139	5.07e-21	86.7
OG_56	biolip::6fsgA	37.3	134	83	1	6	138	5	138	6.98e-21	86.3
OG_56	VIMSS633731	37.2	129	80	1	11	138	1	129	9.80e-19	80.5
OG_56	VIMSS7444171	35.2	122	75	2	6	125	6	125	4.87e-14	68.6
OG_48	VIMSS356346	98.4	189	3	0	2	190	2	190	8.31e-138	385
OG_48	WP_002820836.1	69.5	190	56	1	1	190	2	189	6.26e-94	275
OG_48	VIMSS330212	75.0	176	44	0	2	177	5	180	4.04e-93	272
OG_48	VIMSS5793847	67.2	189	60	1	2	190	4	190	1.24e-91	269
OG_48	VIMSS4040679	60.2	186	70	2	2	187	2	183	3.27e-79	237
OG_48	biolip::3rykA	58.3	175	71	1	2	176	3	175	3.30e-67	206
OG_48	VIMSS350866	54.7	179	80	1	2	180	2	179	1.05e-62	195
OG_48	VIMSS3728484	50.3	181	86	2	8	188	9	185	4.39e-60	189
OG_48	WP_015504001.1	52.2	178	82	3	1	178	4	178	3.69e-59	186
OG_48	WP_003407042.1	51.4	185	84	3	3	187	3	181	9.56e-59	185
OG_48	P26394	53.7	175	78	3	3	176	4	176	1.46e-55	177
OG_48	VIMSS345940	53.1	175	79	3	3	176	4	176	2.94e-55	176
OG_48	VIMSS237002	50.0	180	88	2	2	180	2	180	5.90e-55	176
OG_48	WP_100211647.1	52.9	170	79	1	2	171	2	170	2.04e-54	174
OG_48	VIMSS562806	50.0	182	90	1	4	185	4	184	2.04e-53	172
OG_48	VIMSS16146	52.2	178	80	4	3	178	3	177	2.06e-53	172
OG_48	VIMSS673229	50.6	180	84	4	2	178	2	179	2.91e-53	171
OG_48	VIMSS338741	52.5	181	81	5	2	179	2	180	8.83e-53	170
OG_48	VIMSS10381086	47.5	179	89	3	3	178	6	182	2.93e-52	169
OG_48	VIMSS7589635	52.0	171	80	2	2	171	2	171	4.32e-52	168
OG_48	WP_025295307.1	48.3	172	87	1	19	190	11	180	9.83e-52	167
OG_48	BRENDA::O05369	50.3	167	81	2	2	168	2	166	1.12e-51	167
OG_48	VIMSS1105742	51.5	171	79	3	2	170	2	170	7.26e-51	165
OG_48	VIMSS7022096	49.7	177	85	3	2	178	2	174	8.81e-51	165
OG_48	VIMSS132216	49.7	159	80	0	20	178	21	179	1.16e-50	165
OG_58	VIMSS356321	98.3	236	4	0	1	236	18	253	9.38e-178	492
OG_58	VIMSS2018027	33.3	240	141	5	2	236	19	244	3.04e-31	119
OG_58	VIMSS2018028	32.1	246	138	9	2	236	19	246	1.06e-27	110
OG_58	VIMSS5756437	31.7	246	139	9	2	236	19	246	4.28e-26	105
OG_58	WP_005795218.1	29.8	235	145	4	4	234	25	243	3.39e-24	100
OG_58	BRENDA::B0URY8	28.6	241	151	7	2	236	19	244	4.65e-22	95.1
OG_58	VIMSS2324061	28.8	243	143	7	2	236	19	239	8.42e-21	91.7
OG_58	P14184	28.2	245	147	8	2	236	19	244	4.68e-18	84.3
OG_58	VIMSS2061741	27.7	253	146	7	4	236	44	279	5.39e-16	79.3
OG_58	VIMSS3790333	27.3	253	147	7	4	236	25	260	8.28e-16	78.6
OG_58	WP_001076784.1	27.7	242	154	10	6	236	24	255	7.90e-13	70.1
OG_58	VIMSS10327201	32.3	124	70	3	6	125	123	236	5.00e-10	62.8
OG_58	BRENDA::C4TGF1	27.9	244	121	13	6	235	22	224	2.35e-09	60.1
OG_58	WP_005896272.1	26.5	238	145	9	3	234	21	234	2.41e-09	60.1
OG_23	VIMSS356338	97.1	69	2	0	1	69	1	69	8.41e-39	135
OG_23	VIMSS112437	81.2	69	13	0	1	69	1	69	4.79e-32	117
OG_23	WP_038702803.1	68.1	69	22	0	1	69	1	69	2.74e-25	99.4
OG_23	VIMSS2126784	53.6	69	32	0	1	69	1	69	8.02e-18	79.0
OG_23	WP_014621681.1	53.6	69	32	0	1	69	1	69	1.11e-17	78.6
OG_23	VIMSS275100	53.6	69	32	0	1	69	1	69	1.52e-17	78.2
OG_51	VIMSS356349	98.2	275	5	0	1	275	1	275	2.32e-193	533
OG_51	WP_002413364.1	96.4	275	10	0	1	275	1	275	4.30e-189	522
OG_21	VIMSS356338	93.0	86	6	0	1	86	1	86	1.34e-49	164
OG_21	VIMSS112437	76.7	86	20	0	1	86	1	86	5.76e-41	141
OG_21	WP_038702803.1	67.1	85	28	0	1	85	1	85	6.06e-34	123
OG_21	P35880	50.6	85	42	0	1	85	1	85	5.93e-25	99.0
OG_21	VIMSS2126784	52.9	85	40	0	1	85	1	85	1.44e-24	98.2
OG_21	WP_014621681.1	52.9	85	40	0	1	85	1	85	2.02e-24	97.8
OG_21	VIMSS275100	52.9	85	40	0	1	85	1	85	2.77e-24	97.4
OG_21	WP_014562705.1	43.3	90	47	2	1	86	1	90	2.38e-14	70.1
OG_21	WP_205841307.1	43.3	90	47	2	1	86	1	90	2.38e-14	70.1
OG_21	WP_114807077.1	43.3	90	47	2	1	86	1	90	2.38e-14	70.1
OG_21	VIMSS846360	30.0	70	49	0	17	86	30	99	1.26e-08	53.9
OG_21	WP_011345585.1	35.8	67	43	0	19	85	30	96	2.35e-08	53.1
OG_21	WP_090585016.1	42.9	70	36	1	16	85	49	114	1.55e-07	50.8
OG_21	VIMSS1801377	37.2	78	45	2	9	85	17	91	7.32e-07	48.9
OG_10	VIMSS356319	86.4	44	6	0	1	44	198	241	1.58e-14	68.6
OG_69	VIMSS356333	94.8	230	12	0	1	230	1	230	1.87e-148	433
OG_69	WP_002364384.1	94.3	230	13	0	1	230	1	230	2.65e-148	433
OG_69	VIMSS356334	33.8	225	129	5	5	229	399	603	3.67e-26	110
OG_69	WP_002356902.1	33.8	225	129	5	5	229	399	603	3.67e-26	110
OG_69	WP_149113283.1	39.5	81	47	1	147	225	155	235	2.13e-12	70.1
OG_69	VIMSS6365506	40.5	79	44	2	154	229	147	225	2.64e-09	60.8
OG_69	VIMSS334087	31.7	123	67	2	124	229	952	1074	1.33e-08	58.9
OG_69	WP_227028673.1	28.8	146	84	4	102	229	117	260	9.57e-08	56.2
OG_69	VIMSS10133934	45.9	61	33	0	169	229	355	415	1.80e-07	55.5
OG_69	WP_002858013.1	50.0	44	21	1	181	224	3	45	4.48e-07	53.9
OG_69	VIMSS10456681	60.5	43	16	1	180	222	2	43	1.81e-06	52.0
OG_69	VIMSS47015	48.8	43	21	1	182	224	4	45	1.98e-06	52.0
OG_69	VIMSS157314	44.0	50	27	1	179	228	2	50	4.31e-06	50.8
OG_69	VIMSS47310	48.8	43	21	1	182	224	4	45	4.93e-06	50.8
OG_69	WP_002856242.1	48.8	43	21	1	182	224	4	45	5.38e-06	50.8
OG_69	WP_002855703.1	48.8	43	21	1	182	224	4	45	5.63e-06	50.8
OG_69	Q5M6M2	48.8	43	21	1	182	224	4	45	6.16e-06	50.8
OG_69	VIMSS2127793	53.5	43	19	1	180	222	2	43	1.63e-05	48.1
OG_69	Q832Q0	58.1	43	17	1	180	222	2	43	2.54e-05	48.5
OG_69	VIMSS163270	44.4	54	28	2	178	230	8	60	4.72e-05	47.8
OG_69	WP_013244698.1	44.2	43	23	1	180	222	2	43	4.97e-05	47.8
OG_69	WP_015087877.1	37.1	62	39	0	168	229	211	272	6.38e-05	47.8
OG_69	WP_044520769.1	44.0	50	27	1	181	230	4	52	8.39e-05	47.0
OG_69	VIMSS1109758	46.7	45	23	1	181	225	3	46	1.19e-04	46.6
OG_94	VIMSS356338	73.3	45	12	0	1	45	233	277	4.02e-14	67.4
OG_94	VIMSS112437	60.0	45	18	0	1	45	233	277	2.97e-11	59.3
OG_100	VIMSS356331	97.9	48	1	0	1	48	243	290	1.24e-28	107
OG_100	WP_002356908.1	97.9	48	1	0	1	48	243	290	1.24e-28	107
OG_100	WP_002362923.1	95.8	48	2	0	1	48	243	290	3.31e-28	106
OG_74	WP_002364387.1	97.8	137	3	0	1	137	152	288	5.20e-89	263
OG_74	VIMSS2280327	79.1	134	28	0	1	134	152	285	8.38e-71	217
OG_74	A8AWY8	78.1	137	30	0	1	137	152	288	1.74e-70	216
OG_74	WP_002883992.1	77.4	137	31	0	1	137	152	288	2.46e-70	216
OG_74	VIMSS7781018	77.4	137	31	0	1	137	152	288	3.49e-70	216
OG_74	VIMSS2017272	76.6	137	32	0	1	137	152	288	1.99e-69	214
OG_74	ENA::AAC44969.1	75.9	137	33	0	1	137	152	288	1.99e-69	214
OG_74	VIMSS7619322	75.2	133	33	0	5	137	55	187	5.73e-69	209
OG_74	WP_011226150.1	75.2	137	34	0	1	137	152	288	1.14e-68	212
OG_74	biolip::4ho9A	76.9	134	31	0	2	135	153	286	7.56e-68	210
OG_74	metacyc::MONOMER-17004	77.6	134	30	0	2	135	153	286	2.10e-67	209
OG_74	WP_000676145.1	74.5	137	35	0	1	137	152	288	5.27e-67	207
OG_74	WP_014569835.1	74.4	133	34	0	5	137	156	288	5.43e-67	207
OG_74	P95778	76.3	135	32	0	3	137	154	288	1.50e-66	206
OG_74	WP_012491798.1	74.4	133	34	0	5	137	156	288	2.19e-66	206
OG_74	VIMSS1868321	73.7	133	35	0	5	137	156	288	2.19e-66	206
OG_74	VIMSS101271	74.5	137	35	0	1	137	152	288	1.21e-65	204
OG_74	WP_038485802.1	75.9	133	32	0	2	134	161	293	2.64e-64	201
OG_74	WP_002826699.1	72.8	136	37	0	2	137	153	288	8.42e-64	199
OG_74	VIMSS3065018	72.8	136	37	0	2	137	153	288	8.42e-64	199
OG_74	WP_011669974.1	72.1	136	38	0	2	137	156	291	1.30e-63	199
OG_74	WP_000857525.1	68.9	132	41	0	3	134	157	288	1.99e-62	196
OG_74	VIMSS298042	76.6	124	29	0	1	124	152	275	4.48e-62	195
OG_74	WP_100211648.1	70.5	132	39	0	4	135	158	289	1.10e-61	194
OG_74	P55254	68.9	132	41	0	3	134	157	288	1.13e-61	194
OG_57	VIMSS356320	93.2	323	5	1	1	306	1	323	3.11e-213	587
OG_57	VIMSS2061742	42.1	126	71	2	8	133	3	126	9.29e-21	94.4
OG_57	WP_011963750.1	42.4	118	65	2	8	124	4	119	1.30e-20	94.0
OG_57	VIMSS298247	50.0	102	47	2	9	107	6	106	1.48e-19	90.9
OG_57	WP_000241103.1	45.8	120	60	3	9	124	6	124	3.86e-19	89.7
OG_57	WP_148761514.1	28.6	210	133	7	8	206	4	207	2.08e-15	78.2
OG_57	VIMSS533275	29.9	117	77	2	1	115	1	114	1.22e-06	53.1
OG_57	VIMSS40094	28.3	145	94	2	8	145	9	150	3.96e-04	45.4
OG_19	VIMSS356330	88.5	61	7	0	1	61	203	263	3.83e-29	110
OG_19	WP_002359907.1	88.5	61	7	0	1	61	203	263	3.83e-29	110
OG_19	WP_002289073.1	55.7	61	27	0	1	61	203	263	2.42e-17	77.4
OG_19	WP_005687210.1	48.3	58	30	0	4	61	206	263	4.00e-13	65.5
OG_9	WP_002356901.1	97.8	89	2	0	3	91	317	405	2.47e-58	187
OG_64	WP_002379616.1	98.3	117	2	0	1	117	164	280	2.49e-77	233
OG_64	VIMSS356344	98.3	117	2	0	1	117	183	299	4.48e-77	233
OG_64	WP_002356895.1	97.4	117	3	0	1	117	164	280	2.03e-76	230
OG_64	VIMSS330214	62.6	115	43	0	1	115	165	279	2.86e-45	151
OG_64	VIMSS1868318	56.0	116	51	0	1	116	164	279	1.29e-43	147
OG_64	VIMSS77007	59.8	117	43	1	1	113	165	281	2.04e-40	139
OG_64	VIMSS7781014	61.8	110	40	1	1	108	165	274	7.81e-40	137
OG_64	VIMSS2125661	59.0	117	44	1	1	113	165	281	1.61e-39	137
OG_64	WP_011476435.1	58.3	115	46	1	1	115	165	277	2.75e-39	135
OG_64	WP_000600901.1	60.0	110	42	1	1	108	165	274	6.18e-39	135
OG_64	VIMSS2017275	60.0	110	42	1	1	108	165	274	6.18e-39	135
OG_64	WP_014713146.1	60.9	110	41	1	1	108	165	274	1.23e-38	134
OG_64	WP_014621820.1	60.0	110	42	1	1	108	165	274	3.46e-38	133
OG_64	VIMSS3065023	58.3	108	45	0	1	108	174	281	3.98e-38	133
OG_64	WP_000600895.1	60.0	110	42	1	1	108	165	274	5.00e-38	132
OG_64	VIMSS298256	60.0	110	42	1	1	108	165	274	5.00e-38	132
OG_64	VIMSS922883	59.1	110	43	1	1	108	165	274	7.06e-38	132
OG_64	WP_255262719.1	59.1	110	43	1	1	108	166	275	4.04e-37	130
OG_64	VIMSS3789333	59.1	110	43	1	1	108	165	274	5.44e-37	130
OG_64	VIMSS4040681	56.5	108	47	0	1	108	164	271	1.83e-36	128
OG_64	P39631	40.9	115	64	2	1	113	164	276	6.79e-22	90.9
OG_64	VIMSS10381084	41.7	115	63	3	1	112	161	274	5.32e-21	88.6
OG_64	VIMSS1105744	43.4	113	54	4	1	113	164	266	1.14e-20	87.4
OG_64	VIMSS5765	36.3	113	70	1	3	113	166	278	2.72e-20	86.7
OG_64	VIMSS351258	37.8	119	70	2	1	115	164	282	3.74e-20	86.3
OG_73	WP_002383748.1	95.7	92	4	0	1	92	233	324	3.06e-54	174
OG_73	WP_002356922.1	93.0	86	6	0	1	86	230	315	6.43e-49	160
OG_73	WP_002289372.1	57.8	83	35	0	3	85	232	314	3.52e-26	101
OG_73	VIMSS102391	41.0	83	48	1	3	85	228	309	3.39e-16	75.1
OG_73	VIMSS911592	41.0	83	48	1	3	85	228	309	3.39e-16	75.1
OG_73	VIMSS1291645	41.0	83	48	1	3	85	231	312	3.47e-16	75.1
OG_73	WP_035437030.1	34.4	90	55	2	3	92	228	313	4.83e-11	60.8
OG_73	WP_114807199.1	34.4	90	55	2	3	92	228	313	6.64e-11	60.5
OG_73	metacyc::MONOMER-18134	35.7	70	44	1	13	81	230	299	1.97e-08	53.5
OG_73	VIMSS10160514	34.2	76	49	1	11	85	231	306	2.21e-06	47.8
OG_43	VIMSS356342	96.5	86	3	0	1	86	36	121	2.21e-45	145
OG_43	WP_002356898.1	90.1	81	8	0	1	81	36	116	9.14e-37	123
OG_43	VIMSS929579	31.4	70	48	0	7	76	41	110	6.77e-04	39.3
OG_14	VIMSS356322	92.9	253	18	0	9	261	1	253	5.20e-157	448
OG_14	WP_002391475.1	33.5	242	155	4	20	256	15	255	3.18e-36	137
OG_55	VIMSS356353	96.9	254	8	0	1	254	1	254	1.92e-186	514
OG_55	WP_002292891.1	84.3	254	40	0	1	254	1	254	2.97e-165	460
OG_55	VIMSS157933	65.2	250	87	0	1	250	1	250	8.15e-121	348
OG_55	WP_305015899.1	62.5	256	91	3	1	251	1	256	1.62e-113	330
OG_55	VIMSS2061018	55.8	285	95	3	1	254	1	285	1.05e-107	316
OG_55	WP_011226395.1	54.2	286	99	3	1	254	1	286	8.87e-107	313
OG_55	VIMSS10395472	54.5	286	98	4	1	254	1	286	5.09e-106	311
OG_55	WP_003064052.1	54.2	286	99	4	1	254	1	286	7.23e-106	311
OG_55	VIMSS77420	54.2	286	97	4	1	254	1	284	1.57e-104	308
OG_55	VIMSS133877	54.2	286	99	4	1	254	1	286	2.38e-104	307
OG_55	B2IQ22	53.8	286	100	4	1	254	1	286	3.38e-104	307
OG_55	VIMSS101605	52.8	286	103	4	1	254	1	286	1.37e-103	305
OG_55	VIMSS358884	54.1	246	113	0	1	246	1	246	1.05e-96	286
OG_55	D0R383	54.9	257	107	5	1	248	1	257	4.74e-94	281
OG_55	WP_003617182.1	56.4	257	103	5	1	248	1	257	6.95e-94	280
OG_55	VIMSS865265	55.6	257	105	5	1	248	1	257	1.31e-91	275
OG_55	WP_213475858.1	55.3	257	106	5	1	248	1	257	3.73e-91	273
OG_55	VIMSS5698925	45.7	247	134	0	1	247	1	247	1.03e-79	243
OG_55	P19994	45.5	246	134	0	1	246	1	246	1.18e-78	241
OG_55	VIMSS12787	48.0	246	127	1	2	246	5	250	2.79e-78	240
OG_55	VIMSS262974	43.7	247	139	0	1	247	1	247	1.92e-77	238
OG_55	P69000	43.7	247	138	1	1	246	1	247	4.39e-74	229
OG_55	VIMSS194683	42.7	253	139	3	1	248	1	252	4.04e-73	227
OG_55	VIMSS13011	42.2	251	139	2	2	246	22	272	1.82e-68	216
OG_55	VIMSS1141041	43.9	253	142	0	2	254	34	286	3.24e-68	216
OG_38	WP_002356900.1	92.0	264	21	0	1	264	1	264	5.96e-170	473
OG_38	VIMSS3803685	42.6	258	143	2	11	264	9	265	1.06e-70	221
OG_38	VIMSS2725606	42.5	268	150	2	1	264	1	268	3.77e-69	218
OG_38	WP_007614137.1	34.2	269	165	2	8	264	7	275	3.30e-52	174
OG_38	VIMSS1801001	35.8	274	159	4	3	264	2	270	1.28e-50	170
OG_38	WP_003227928.1	32.0	259	164	2	18	264	17	275	1.16e-49	168
OG_38	metacyc::MONOMER-19999	32.0	259	164	2	18	264	17	275	7.22e-48	163
OG_38	VIMSS663492	29.9	261	179	1	8	264	3	263	6.19e-43	150
OG_38	VIMSS267944	33.1	269	163	4	7	264	6	268	6.07e-41	145
OG_38	WP_047172164.1	30.6	258	168	5	10	262	13	264	1.25e-39	142
OG_38	VIMSS157298	28.6	266	186	1	3	264	2	267	9.99e-39	139
OG_38	WP_038409749.1	28.2	266	187	1	3	264	2	267	5.50e-38	137
OG_38	VIMSS2127070	26.7	266	188	2	3	262	2	266	2.16e-27	110
OG_38	VIMSS4518606	28.7	275	161	9	11	264	14	274	1.43e-22	97.4
OG_38	VIMSS6365504	28.6	266	173	7	11	264	71	331	1.71e-20	92.8
OG_38	VIMSS5417940	25.3	273	169	10	10	264	19	274	1.64e-15	78.2
OG_38	WP_016356751.1	23.7	262	185	7	10	264	25	278	4.57e-12	68.6
OG_45	WP_002379616.1	98.1	216	4	0	1	216	1	216	8.43e-152	426
OG_45	VIMSS356344	98.1	216	4	0	1	216	20	235	1.66e-151	426
OG_45	WP_002356895.1	97.7	216	5	0	1	216	1	216	6.92e-151	423
OG_45	VIMSS1868318	63.3	215	78	1	2	216	3	216	4.13e-96	285
OG_45	WP_011476435.1	60.9	215	84	0	2	216	3	217	3.43e-92	275
OG_45	VIMSS7781014	62.0	213	80	1	1	212	1	213	9.37e-91	271
OG_45	WP_014621820.1	60.6	213	83	1	1	212	1	213	3.08e-89	267
OG_45	VIMSS77007	64.3	213	75	1	1	212	1	213	3.65e-89	268
OG_45	VIMSS2017275	59.6	213	85	1	1	212	1	213	8.80e-89	266
OG_45	WP_000600901.1	59.6	213	85	1	1	212	1	213	1.25e-88	266
OG_45	VIMSS2125661	63.4	213	77	1	1	212	1	213	5.96e-88	265
OG_45	VIMSS3789333	60.1	213	84	1	1	212	1	213	4.10e-87	262
OG_45	WP_014713146.1	59.2	213	86	1	1	212	1	213	5.82e-87	261
OG_45	WP_255262719.1	58.2	213	88	1	1	212	2	214	2.51e-86	260
OG_45	VIMSS922883	58.2	213	88	1	1	212	1	213	3.44e-86	259
OG_45	VIMSS330214	60.0	215	85	1	2	216	4	217	8.63e-86	258
OG_45	WP_000600895.1	59.2	213	86	1	1	212	1	213	7.97e-85	256
OG_45	VIMSS298256	58.7	213	87	1	1	212	1	213	3.22e-84	254
OG_45	VIMSS3065023	52.8	214	100	1	3	216	14	226	8.08e-76	233
OG_45	VIMSS4040681	51.2	215	104	1	2	216	3	216	2.14e-70	219
OG_45	VIMSS21753	47.0	215	108	5	2	216	3	211	5.79e-58	187
OG_45	VIMSS11033791	46.8	216	109	5	2	216	3	213	4.63e-57	185
OG_45	WP_013295192.1	47.0	215	108	4	2	216	3	211	1.47e-56	184
OG_45	VIMSS4258742	45.2	210	113	2	3	212	4	211	6.28e-55	180
OG_45	biolip::3sc6D	44.7	215	116	3	2	216	7	218	1.29e-54	179
OG_15	VIMSS356338	82.8	64	11	0	1	64	1	64	2.13e-28	107
OG_15	VIMSS112437	70.3	64	19	0	1	64	1	64	4.38e-24	95.9
OG_15	WP_038702803.1	57.8	64	27	0	1	64	1	64	2.36e-17	77.4
OG_37	WP_002383748.1	98.1	321	6	0	1	321	4	324	2.67e-225	618
OG_37	WP_002356922.1	96.5	315	11	0	1	315	1	315	3.37e-217	597
OG_37	WP_002289372.1	68.2	314	100	0	1	314	1	314	1.98e-158	448
OG_37	WP_029257821.1	51.6	310	144	2	1	309	1	305	1.23e-102	306
OG_37	VIMSS102391	46.8	314	162	2	1	314	1	309	1.28e-100	302
OG_37	VIMSS911592	46.8	314	162	2	1	314	1	309	1.28e-100	302
OG_37	VIMSS1291645	46.5	314	163	2	1	314	4	312	4.02e-100	301
OG_37	VIMSS330224	48.4	306	151	3	5	309	4	303	9.72e-96	289
OG_37	WP_005687208.1	48.4	312	154	2	1	310	1	307	4.87e-95	287
OG_37	WP_035437030.1	49.2	323	152	7	1	321	1	313	1.48e-94	286
OG_37	WP_114807199.1	48.9	323	153	7	1	321	1	313	8.42e-94	284
OG_37	VIMSS189493	42.0	314	166	7	1	312	1	300	2.03e-74	234
OG_37	biolip::6dntA	40.1	299	165	7	2	298	4	290	6.48e-65	210
OG_37	VIMSS876169	43.8	290	151	6	5	291	7	287	6.25e-62	202
OG_37	Q9WYX9	38.5	314	177	11	3	312	2	303	4.94e-61	200
OG_37	VIMSS10350240	39.4	317	177	8	4	314	14	321	1.63e-59	197
OG_37	VIMSS1244108	39.4	317	177	8	4	314	14	321	1.63e-59	197
OG_37	VIMSS2093425	39.4	315	176	8	4	312	14	319	3.33e-59	196
OG_37	biolip::6wj9B	42.9	294	156	7	2	292	2	286	5.96e-59	195
OG_37	VIMSS216201	41.1	292	160	6	5	293	7	289	2.50e-58	193
OG_37	VIMSS873606	42.5	294	157	7	2	292	4	288	2.50e-58	193
OG_37	WP_001077698.1	36.7	327	179	10	4	312	18	334	3.73e-57	191
OG_37	WP_014757539.1	38.8	312	176	10	3	312	2	300	6.51e-57	190
OG_37	VIMSS5215415	36.9	325	176	10	2	307	16	330	8.88e-57	190
OG_37	VIMSS60517	41.3	293	160	7	2	291	4	287	1.18e-55	186
OG_65	VIMSS356328	98.8	84	1	0	1	84	1	84	8.30e-59	184
OG_65	VIMSS2018097	67.1	76	25	0	7	82	5	80	3.00e-33	119
OG_65	WP_012340356.1	44.9	69	38	0	9	77	6	74	7.74e-14	67.8
OG_65	P14184	46.2	65	35	0	9	73	6	70	4.02e-13	65.9
OG_65	WP_001076784.1	39.1	92	41	3	6	82	3	94	6.01e-13	65.5
OG_65	WP_005795218.1	40.0	65	39	0	11	75	12	76	2.11e-11	61.2
OG_65	VIMSS2018027	38.5	65	40	0	11	75	8	72	2.86e-11	60.8
OG_65	VIMSS356321	44.6	65	35	1	9	72	6	70	1.04e-09	56.6
OG_65	BRENDA::C4TGF1	41.7	60	35	0	11	70	7	66	6.32e-08	51.6
OG_65	VIMSS3598059	35.4	48	31	0	29	76	71	118	3.29e-04	41.2
OG_65	VIMSS135983	33.3	48	32	0	29	76	71	118	8.63e-04	40.0
OG_16	VIMSS356338	93.3	178	12	0	1	178	100	277	8.03e-116	337
OG_16	VIMSS112437	69.1	178	55	0	1	178	100	277	6.69e-88	266
OG_16	WP_038702803.1	65.2	178	62	0	1	178	100	277	4.16e-83	254
OG_16	P35880	48.9	178	91	0	1	178	100	277	5.13e-59	191
OG_16	WP_014562705.1	48.9	178	90	1	1	177	104	281	1.22e-56	186
OG_16	WP_205841307.1	48.9	178	90	1	1	177	104	281	1.22e-56	186
OG_16	WP_014621681.1	48.3	178	92	0	1	178	100	277	3.18e-56	185
OG_16	WP_114807077.1	48.3	178	91	1	1	177	104	281	2.69e-55	182
OG_16	VIMSS2126784	47.8	178	93	0	1	178	100	277	9.65e-55	181
OG_16	VIMSS275100	44.4	178	99	0	1	178	100	277	2.01e-50	170
OG_16	VIMSS1074310	33.7	175	115	1	5	178	123	297	2.75e-31	120
OG_16	VIMSS5924605	33.1	175	116	1	5	178	123	297	5.33e-31	119
OG_16	VIMSS1074960	32.0	175	118	1	5	178	125	299	1.50e-29	115
OG_16	P80011	32.0	175	118	1	5	178	106	280	1.15e-28	113
OG_16	VIMSS879649	32.6	175	117	1	5	178	122	296	2.01e-28	112
OG_16	VIMSS369637	29.6	179	121	1	5	178	29	207	4.03e-28	110
OG_16	VIMSS876986	32.0	175	118	1	5	178	122	296	3.84e-27	109
OG_16	VIMSS369375	29.6	179	121	1	5	178	116	294	5.32e-27	108
OG_16	VIMSS1801377	29.7	175	122	1	5	178	110	284	1.23e-25	105
OG_16	VIMSS369461	29.4	160	108	1	5	159	116	275	1.88e-24	102
OG_39	VIMSS356337	97.3	113	3	0	1	113	1	113	3.10e-62	188
OG_5	VIMSS356338	95.0	101	5	0	1	101	292	392	6.17e-60	191
OG_5	VIMSS112437	67.7	99	32	0	3	101	294	392	1.60e-39	138
OG_5	WP_038702803.1	58.0	100	42	0	2	101	293	392	4.59e-31	116
OG_5	VIMSS2126784	55.1	98	44	0	2	99	293	390	2.58e-26	103
OG_5	VIMSS275100	55.1	98	44	0	2	99	293	390	6.94e-26	102
OG_5	WP_014562705.1	50.0	96	48	0	4	99	300	395	1.01e-25	102
OG_5	WP_205841307.1	50.0	96	48	0	4	99	300	395	1.01e-25	102
OG_5	WP_114807077.1	50.0	96	48	0	4	99	300	395	1.01e-25	102
OG_5	WP_014621681.1	55.6	99	43	1	2	99	293	391	5.05e-25	100
OG_5	P35880	47.8	67	34	1	4	69	295	361	1.93e-10	59.7
OG_5	WP_011345585.1	36.5	63	39	1	4	65	306	368	3.13e-06	47.8
OG_5	VIMSS3803936	33.3	78	51	1	4	80	63	140	1.06e-05	45.4
OG_5	WP_001122813.1	29.1	79	55	1	3	80	301	379	2.77e-05	45.1
OG_5	WP_090585016.1	30.6	72	49	1	20	90	343	414	9.78e-05	43.5
OG_28	VIMSS356327	99.6	893	4	0	1	893	1	893	0.0	1639
OG_28	WP_014525033.1	71.4	815	232	1	1	815	1	814	0.0	1019
OG_28	CAZy::BAF03559.1	47.8	186	85	4	166	342	775	957	1.02e-37	157
OG_28	WP_002263335.1	47.8	186	85	4	166	342	775	957	1.02e-37	157
OG_28	WP_009854465.1	46.8	186	88	3	166	342	788	971	5.23e-36	151
OG_28	WP_013852013.1	46.8	186	88	3	166	342	786	969	1.59e-35	150
OG_28	WP_021002875.1	42.7	211	101	5	166	364	136	338	2.83e-35	149
OG_28	VIMSS10396070	46.2	186	89	3	166	342	786	969	4.85e-35	148
OG_28	WP_014620169.1	46.2	186	89	3	166	342	788	971	4.87e-35	148
OG_28	WP_012490861.1	31.2	321	203	7	138	455	86	391	1.97e-32	140
OG_28	CAZy::BAH11115.1	39.8	221	119	5	133	342	618	835	9.11e-32	137
OG_28	S2NSV8	31.0	335	209	8	138	467	86	403	3.19e-31	136
OG_28	WP_011101733.1	30.7	238	153	7	138	373	3	230	2.48e-26	116
OG_28	WP_172643146.1	34.0	212	126	8	165	373	33	233	1.68e-24	110
OG_79	WP_002356901.1	82.2	45	8	0	1	45	124	168	9.27e-16	72.0
OG_79	VIMSS3803686	55.6	45	20	0	1	45	125	169	5.49e-08	50.1
OG_79	VIMSS6365502	53.3	45	21	0	1	45	142	186	7.51e-08	49.7
OG_79	VIMSS5593439	53.5	43	20	0	3	45	125	167	6.75e-07	47.0
OG_79	VIMSS57837	46.7	45	24	0	1	45	126	170	1.26e-06	46.2
OG_79	VIMSS259453	42.2	45	26	0	1	45	134	178	4.44e-06	44.7
OG_79	VIMSS5925488	42.2	45	26	0	1	45	125	169	2.14e-05	42.7
OG_95	VIMSS356333	93.9	33	2	0	1	33	681	713	1.65e-16	73.6
OG_95	WP_002364384.1	93.9	33	2	0	1	33	681	713	1.65e-16	73.6
OG_4	WP_002383748.1	97.9	144	3	0	1	144	4	147	4.98e-92	273
OG_4	WP_002356922.1	95.8	144	6	0	1	144	1	144	2.08e-89	266
OG_4	WP_002289372.1	72.9	144	39	0	1	144	1	144	3.25e-68	212
OG_4	WP_029257821.1	53.8	145	66	1	1	144	1	145	2.32e-41	143
OG_4	WP_005687208.1	52.4	145	67	1	1	143	1	145	2.43e-41	143
OG_4	VIMSS102391	45.1	144	79	0	1	144	1	144	3.32e-37	132
OG_4	VIMSS911592	45.1	144	79	0	1	144	1	144	3.32e-37	132
OG_4	WP_035437030.1	52.7	146	66	3	1	144	1	145	3.77e-37	132
OG_4	VIMSS1291645	44.4	144	80	0	1	144	4	147	9.84e-37	131
OG_4	WP_114807199.1	52.1	146	67	3	1	144	1	145	1.48e-36	130
OG_4	VIMSS330224	48.9	141	71	1	5	144	4	144	6.06e-36	129
OG_4	biolip::6dntA	42.1	145	77	4	2	144	4	143	7.63e-27	105
OG_4	VIMSS189493	38.4	146	81	4	1	144	1	139	4.31e-24	98.2
OG_4	Q9WYX9	39.3	145	81	5	3	144	2	142	1.75e-22	94.0
OG_4	VIMSS10350240	41.2	136	72	4	4	135	14	145	2.16e-21	91.3
OG_4	VIMSS1244108	41.2	136	72	4	4	135	14	145	2.16e-21	91.3
OG_4	VIMSS2093425	41.2	136	72	4	4	135	14	145	2.19e-21	91.3
OG_4	VIMSS876169	45.5	143	71	5	5	144	7	145	2.51e-21	90.9
OG_4	WP_014757539.1	38.7	142	81	4	3	143	2	138	3.89e-20	87.8
OG_4	VIMSS60517	42.5	146	77	5	2	144	4	145	9.68e-19	84.0
OG_4	VIMSS873606	41.8	146	78	5	2	144	4	145	1.36e-18	83.6
OG_4	WP_013160161.1	34.0	141	79	4	3	133	2	138	1.69e-18	83.6
OG_4	WP_008362715.1	33.9	127	78	3	3	127	2	124	4.67e-18	82.4
OG_4	VIMSS10160035	35.9	142	81	4	2	143	4	135	9.26e-17	78.6
OG_4	VIMSS876041	33.6	140	85	3	4	137	3	140	1.24e-16	78.6
OG_1	Q832Q0	100	92	0	0	1	92	233	324	6.76e-56	178
OG_70	VIMSS356351	86.7	113	15	0	5	117	1	113	1.32e-55	180
OG_70	WP_002286457.1	48.5	97	50	0	21	117	16	112	5.81e-24	97.8
OG_70	VIMSS7781556	45.7	105	49	1	21	117	17	121	2.29e-21	90.9
OG_70	WP_021143485.1	46.2	106	49	1	20	117	15	120	2.14e-20	88.2
OG_70	VIMSS2127422	38.8	134	58	1	8	117	10	143	1.95e-19	85.9
OG_70	WP_002262748.1	44.7	103	49	1	23	117	19	121	3.51e-17	79.3
OG_70	VIMSS296931	40.6	106	55	1	20	117	16	121	3.51e-17	79.3
OG_70	VIMSS5629178	41.7	103	55	1	20	117	7	109	1.45e-16	77.4
OG_70	VIMSS157183	43.2	95	51	1	23	117	13	104	3.80e-16	76.3
OG_70	VIMSS663381	42.1	95	52	1	23	117	13	104	1.37e-15	74.7
OG_70	WP_039811425.1	41.8	98	52	2	13	109	3	96	4.85e-15	73.2
OG_70	VIMSS10174346	38.2	102	60	1	16	117	6	104	1.67e-13	68.9
OG_70	VIMSS1749527	37.7	77	42	1	30	100	55	131	2.64e-08	54.3
OG_70	NP_391433.1	32.0	103	64	2	11	109	4	104	4.77e-08	53.5
OG_70	metacyc::MONOMER-19967	32.0	103	64	2	11	109	4	104	4.77e-08	53.5
OG_70	VIMSS5215425	37.0	92	49	2	14	100	2	89	2.21e-07	51.6
OG_70	WP_005179818.1	36.8	87	54	1	20	105	12	98	3.04e-07	51.2
OG_70	Q7UQ81	33.0	100	56	3	12	100	10	109	2.22e-04	43.1
OG_70	WP_004113078.1	33.3	99	60	1	25	117	17	115	5.30e-04	42.0
OG_70	VIMSS10327099	32.3	99	61	1	25	117	17	115	7.23e-04	41.6
OG_49	WP_002364387.1	98.3	288	5	0	1	288	1	288	3.32e-204	561
OG_49	VIMSS2280327	81.1	285	54	0	1	285	1	285	1.24e-167	469
OG_49	VIMSS7781018	78.1	288	63	0	1	288	1	288	4.76e-163	457
OG_49	WP_002883992.1	78.5	288	62	0	1	288	1	288	6.76e-163	457
OG_49	A8AWY8	78.5	288	62	0	1	288	1	288	1.36e-162	456
OG_49	ENA::AAC44969.1	77.1	288	66	0	1	288	1	288	3.90e-162	455
OG_49	VIMSS2017272	77.1	288	66	0	1	288	1	288	3.20e-161	453
OG_49	WP_011226150.1	77.1	288	66	0	1	288	1	288	2.62e-160	451
OG_49	biolip::4ho9A	76.9	286	66	0	1	286	1	286	4.46e-160	450
OG_49	WP_000676145.1	76.7	288	67	0	1	288	1	288	7.51e-160	449
OG_49	P95778	77.4	288	65	0	1	288	1	288	1.51e-159	449
OG_49	VIMSS101271	76.0	288	69	0	1	288	1	288	2.91e-157	443
OG_49	WP_014569835.1	72.6	288	79	0	1	288	1	288	2.47e-156	441
OG_49	VIMSS1868321	72.6	288	79	0	1	288	1	288	4.98e-156	440
OG_49	metacyc::MONOMER-17004	75.5	286	70	0	1	286	1	286	3.46e-155	438
OG_49	VIMSS298042	78.9	275	58	0	1	275	1	275	6.64e-155	437
OG_49	WP_012491798.1	71.9	288	81	0	1	288	1	288	1.17e-154	436
OG_49	P55254	72.2	284	79	0	2	285	5	288	6.57e-150	424
OG_49	WP_000857525.1	72.2	284	79	0	2	285	5	288	1.88e-149	423
OG_49	VIMSS3065018	71.9	288	81	0	1	288	1	288	7.37e-149	422
OG_49	WP_000857529.1	71.1	284	82	0	2	285	5	288	2.18e-148	421
OG_49	VIMSS3565248	72.1	287	80	0	2	288	5	291	2.18e-148	421
OG_49	WP_002826699.1	71.5	288	82	0	1	288	1	288	2.99e-148	420
OG_49	VIMSS587596	73.6	284	75	0	2	285	8	291	8.01e-148	419
OG_49	SwissProt::P55253	71.6	285	80	1	2	285	5	289	9.19e-148	419
OG_20	VIMSS356324	90.0	60	6	0	1	60	1	60	5.18e-30	110
OG_20	WP_002378507.1	90.0	60	6	0	1	60	1	60	5.18e-30	110
OG_61	VIMSS356324	97.7	352	8	0	1	352	1	352	1.96e-251	686
OG_61	WP_002378507.1	97.4	352	9	0	1	352	1	352	7.99e-251	685
OG_61	metacyc::MONOMER-17176	35.2	344	213	4	8	348	9	345	2.50e-65	214
OG_61	VIMSS339833	29.7	337	232	4	11	347	16	347	8.32e-51	176
OG_61	biolip::8v4hB	31.4	328	204	7	24	348	30	339	4.87e-47	166
OG_61	WP_013129429.1	23.7	321	226	9	30	345	3	309	5.01e-16	82.0
OG_61	ENA::AAA99939.1	25.3	249	171	6	30	274	3	240	1.92e-13	74.3
OG_61	VIMSS31883	24.2	256	162	7	30	274	3	237	1.56e-06	53.5
OG_61	XP_013326109.1	23.1	324	213	14	1	301	624	934	1.71e-06	54.3
OG_61	WP_005783520.1	21.8	358	220	13	28	351	2	333	2.23e-05	50.1
OG_61	VIMSS352602	23.1	368	203	18	28	351	2	333	1.24e-04	47.8
OG_61	biolip::3a1nA	24.1	237	158	5	30	262	2	220	1.56e-04	47.4
OG_61	BRENDA::Q97BK3	24.1	237	158	5	30	262	2	220	1.57e-04	47.4
OG_61	BRENDA::A0A3G2K823	21.9	306	206	10	9	291	1	296	7.28e-04	45.4
OG_78	VIMSS356333	81.4	59	11	0	1	59	215	273	8.97e-23	92.8
OG_78	WP_002364384.1	81.4	59	11	0	1	59	215	273	8.97e-23	92.8
OG_78	WP_002356902.1	54.2	59	27	0	1	59	589	647	5.74e-14	67.8
OG_78	VIMSS356334	52.5	59	28	0	1	59	589	647	7.84e-14	67.4
OG_78	VIMSS6365506	52.5	59	28	0	1	59	211	269	8.48e-12	61.6
OG_78	VIMSS334087	50.8	59	29	0	1	59	1060	1118	1.17e-11	61.2
OG_78	WP_095597216.1	50.8	59	29	0	1	59	308	366	4.06e-11	59.7
OG_78	VIMSS10133934	45.8	59	32	0	1	59	401	459	7.60e-11	58.9
OG_78	WP_057107652.1	49.2	59	30	0	1	59	308	366	1.42e-10	58.2
OG_78	VIMSS1206030	51.8	56	27	0	4	59	276	331	1.42e-10	58.2
OG_78	WP_032876151.1	52.2	46	22	0	14	59	52	97	3.11e-07	48.5
OG_78	VIMSS40094	45.7	46	25	0	14	59	52	97	1.96e-05	43.5
OG_32	VIMSS356331	97.5	433	11	0	1	433	1	433	1.51e-296	807
OG_32	WP_002356908.1	97.0	433	13	0	1	433	1	433	3.55e-295	804
OG_32	WP_002362923.1	96.3	433	16	0	1	433	1	433	4.83e-293	798
OG_86	VIMSS356338	94.2	69	4	0	1	69	1	69	1.26e-37	132
OG_86	VIMSS112437	79.7	69	14	0	1	69	1	69	4.96e-31	114
OG_86	WP_038702803.1	68.1	69	22	0	1	69	1	69	5.29e-25	98.6
OG_86	VIMSS2126784	53.6	69	32	0	1	69	1	69	5.82e-18	79.3
OG_86	WP_014621681.1	53.6	69	32	0	1	69	1	69	8.05e-18	79.0
OG_86	VIMSS275100	53.6	69	32	0	1	69	1	69	1.10e-17	78.6
OG_6	VIMSS356332	97.6	290	7	0	1	290	1	290	1.57e-193	549
OG_6	WP_002383759.1	97.6	290	7	0	1	290	12	301	2.24e-193	549
OG_66	VIMSS356317	95.6	181	8	0	1	181	1	181	2.85e-112	335
OG_26	VIMSS356317	99.0	491	5	0	1	491	113	603	0.0	925
OG_30	VIMSS356329	98.8	252	3	0	1	252	1	252	8.39e-180	497
OG_30	WP_002356910.1	98.4	252	4	0	1	252	1	252	1.19e-179	496
OG_30	VIMSS2034616	47.3	237	122	3	6	240	4	239	1.90e-63	202
OG_30	WP_003422862.1	43.2	241	136	1	1	240	1	241	9.76e-62	197
OG_30	VIMSS66242	39.8	246	145	3	5	248	10	254	1.16e-56	185
OG_30	WP_003426498.1	39.9	243	145	1	1	242	1	243	7.58e-56	182
OG_30	B5L396	40.1	237	140	2	5	240	7	242	1.58e-53	177
OG_30	metacyc::WBDN-MONOMER	37.0	238	149	1	1	238	1	237	1.46e-52	174
OG_30	VIMSS74338	36.6	238	150	1	1	238	1	237	1.16e-51	172
OG_30	WP_015378195.1	37.7	239	145	2	6	242	4	240	1.27e-50	169
OG_30	Q57022	39.0	251	151	2	1	250	1	250	5.51e-50	167
OG_30	D8WNA7	35.2	250	154	4	1	242	1	250	2.91e-47	160
OG_30	SwissProt::B5L3F2	43.4	226	117	4	1	222	1	219	3.35e-46	158
OG_30	VIMSS10399287	42.9	224	121	4	1	222	1	219	2.95e-44	153
OG_30	Q8GMK1	37.1	237	144	5	3	235	7	242	2.65e-42	148
OG_30	VIMSS362628	33.0	218	135	5	2	211	4	218	3.03e-31	121
OG_30	VIMSS188474	37.2	191	112	3	1	185	1	189	3.57e-30	117
OG_30	WP_014410582.1	37.8	201	115	6	6	201	295	490	6.35e-30	121
OG_30	VIMSS117198	30.2	235	144	5	5	222	4	235	5.77e-28	112
OG_30	WP_014914727.1	33.3	210	134	4	5	210	6	213	3.46e-26	106
OG_30	VIMSS7623789	31.8	242	146	4	6	233	4	240	1.07e-25	106
OG_30	VIMSS165415	33.6	217	123	9	6	210	4	211	2.33e-25	105
OG_30	WP_010996446.1	31.9	213	137	5	5	210	7	218	7.13e-25	104
OG_30	VIMSS1100581	31.0	245	152	7	1	233	1	240	8.19e-25	103
OG_30	NP_253687.1	32.2	230	144	5	5	224	11	238	2.90e-24	102
OG_60	Q832Q0	98.7	232	3	0	1	232	1	232	2.93e-162	454
OG_60	WP_002356915.1	58.8	228	94	0	1	228	1	228	5.57e-89	269
OG_60	VIMSS4260164	45.5	224	121	1	1	223	7	230	2.42e-57	188
OG_60	VIMSS134107	44.1	227	125	1	4	228	6	232	2.75e-57	188
OG_60	VIMSS116822	43.6	227	126	1	4	228	6	232	4.36e-56	185
OG_60	WP_000446965.1	42.7	227	128	1	4	228	6	232	6.87e-55	182
OG_60	VIMSS10380302	43.3	224	119	3	2	218	8	230	1.30e-54	181
OG_60	VIMSS10395648	41.7	228	126	1	4	224	5	232	2.52e-54	180
OG_60	Q8A2D9	45.1	215	109	3	2	210	8	219	4.75e-54	180
OG_60	WP_173940362.1	45.7	208	111	2	4	211	2	207	6.26e-52	174
OG_60	WP_005931076.1	43.7	222	117	3	4	218	6	226	4.10e-51	172
OG_60	WP_003607215.1	43.5	223	125	1	2	223	5	227	1.53e-50	171
OG_60	WP_000413826.1	39.4	226	132	1	4	224	5	230	1.85e-50	170
OG_60	VIMSS7623789	43.6	227	118	4	1	220	1	224	2.45e-50	170
OG_60	WP_065973229.1	40.5	227	131	2	4	228	3	227	5.06e-50	169
OG_60	CAZy::CAA59782.1	45.0	211	112	2	4	210	5	215	1.28e-49	168
OG_60	WP_024704133.1	40.5	227	131	2	4	228	3	227	1.42e-49	168
OG_60	Q83YR4	40.8	228	129	2	4	225	2	229	5.33e-49	166
OG_60	VIMSS275794	40.8	233	128	5	1	225	1	231	7.39e-46	158
OG_60	VIMSS1244952	39.4	213	121	2	4	212	7	215	9.91e-46	158
OG_60	VIMSS2093214	39.4	213	121	2	4	212	7	215	1.40e-45	157
OG_60	VIMSS10456681	37.7	236	135	2	1	224	1	236	2.16e-45	157
OG_60	WP_015438463.1	39.9	213	125	3	2	211	18	230	2.67e-45	157
OG_60	WP_100831577.1	36.4	225	138	4	3	223	4	227	2.98e-45	157
OG_60	VIMSS10349553	39.0	213	122	2	4	212	7	215	7.74e-45	155
OG_88	VIMSS356333	85.5	83	12	0	1	83	235	317	2.29e-38	138
OG_88	WP_002364384.1	85.5	83	12	0	1	83	235	317	2.29e-38	138
OG_88	WP_002356902.1	56.6	83	36	0	1	83	609	691	1.33e-22	93.6
OG_88	VIMSS356334	55.4	83	37	0	1	83	609	691	1.82e-22	93.2
OG_88	VIMSS334087	58.5	82	34	0	2	83	1081	1162	1.83e-22	93.2
OG_88	VIMSS1206030	56.8	81	35	0	2	82	294	374	1.59e-21	90.5
OG_88	WP_058463750.1	54.9	82	37	0	2	83	190	271	4.02e-21	89.4
OG_88	VIMSS6365506	54.9	82	37	0	2	83	232	313	1.91e-20	87.4
OG_88	WP_227028673.1	51.2	82	40	0	2	83	267	348	3.58e-20	86.7
OG_88	WP_060708698.1	52.4	82	39	0	2	83	209	290	6.64e-20	85.9
OG_88	WP_149113283.1	53.7	82	38	0	2	83	244	325	1.72e-19	84.7
OG_88	WP_015087877.1	50.0	82	41	0	2	83	279	360	8.06e-19	82.8
OG_88	WP_015452749.1	53.0	83	39	0	1	83	122	204	2.03e-18	81.6
OG_88	WP_095597216.1	50.0	82	41	0	2	83	329	410	5.62e-16	74.7
OG_88	VIMSS10133934	48.8	82	42	0	2	83	422	503	1.05e-15	73.9
OG_88	WP_057107652.1	48.8	82	42	0	2	83	329	410	2.67e-15	72.8
OG_88	VIMSS4258745	48.2	83	42	1	2	83	339	421	4.99e-15	72.0
OG_88	VIMSS166840	46.9	81	42	1	4	83	536	616	6.57e-12	63.2
OG_88	WP_014200380.1	37.8	82	50	1	2	83	355	435	1.32e-09	56.6
OG_88	VIMSS1756022	37.8	82	51	0	2	83	375	456	1.34e-09	56.6
OG_97	VIMSS356319	100	30	0	0	1	30	1	30	1.51e-11	59.3
OG_80	WP_002356901.1	97.2	142	4	0	1	142	1	142	1.20e-92	277
OG_80	VIMSS3803686	54.0	139	64	0	3	141	4	142	1.36e-48	165
OG_80	WP_058463748.1	50.0	140	70	0	2	141	3	142	1.16e-43	152
OG_80	VIMSS367216	45.9	148	72	1	2	141	6	153	9.89e-39	139
OG_80	WP_005741031.1	46.7	137	73	0	2	138	3	139	3.66e-38	137
OG_80	VIMSS334088	45.8	144	70	1	6	141	8	151	2.09e-37	135
OG_80	VIMSS5925488	41.9	136	79	0	2	137	3	138	4.61e-36	132
OG_80	VIMSS1174799	41.9	136	78	1	6	141	5	139	3.18e-35	129
OG_80	Q07698	42.6	141	79	1	1	141	1	139	2.08e-34	125
OG_80	metacyc::MONOMER-21501	41.2	136	80	0	6	141	3	138	8.78e-34	125
OG_80	biolip::8dkuA	42.6	136	76	1	6	141	2	135	1.01e-33	125
OG_80	VIMSS1109521	41.3	138	79	1	6	141	8	145	1.21e-33	121
OG_80	metacyc::MONOMER-21646	41.2	136	80	0	6	141	3	138	1.22e-33	125
OG_80	VIMSS1849208	42.5	146	71	1	6	138	4	149	1.34e-33	125
OG_80	VIMSS742645	42.5	146	71	1	6	138	8	153	1.41e-33	125
OG_80	VIMSS57837	44.3	131	73	0	11	141	13	143	1.11e-32	122
OG_80	VIMSS6365505	41.6	154	73	2	2	138	5	158	2.63e-32	122
OG_80	VIMSS259453	39.7	136	82	0	6	141	16	151	3.53e-32	121
OG_80	VIMSS4518607	54.0	100	46	0	39	138	1	100	2.12e-31	119
OG_80	VIMSS5593439	42.9	140	78	1	2	141	3	140	2.59e-31	119
OG_80	VIMSS6365502	47.5	120	63	0	22	141	40	159	6.73e-31	118
OG_80	VIMSS4518605	50.5	103	51	0	39	141	1	103	8.94e-31	117
OG_80	metacyc::MONOMER-21499	38.2	136	84	0	6	141	4	139	1.79e-30	116
OG_80	VIMSS1756023	49.5	103	52	0	39	141	48	150	3.71e-30	116
OG_80	TCDB::Q50863	49.5	103	52	0	39	141	48	150	3.71e-30	116
OG_52	VIMSS356350	98.8	260	3	0	1	260	3	262	5.91e-189	521
OG_52	WP_002359892.1	98.5	260	4	0	1	260	3	262	3.42e-188	519
OG_52	VIMSS10481768	30.6	258	166	7	6	256	8	259	1.79e-33	125
OG_52	VIMSS742639	34.2	202	130	2	59	258	74	274	3.69e-31	120
OG_52	VIMSS5607870	33.7	264	157	9	5	259	8	262	3.63e-29	115
OG_52	VIMSS562447	33.7	264	157	9	5	259	8	262	3.63e-29	115
OG_52	WP_039224669.1	35.4	195	123	2	66	258	86	279	2.55e-27	110
OG_52	M6S231	28.1	285	165	9	5	258	5	280	1.07e-23	100
OG_52	WP_071662433.1	28.1	196	137	3	63	257	73	265	1.60e-23	99.8
OG_52	VIMSS218815	27.6	232	150	4	5	229	6	226	2.30e-18	86.7
OG_52	WP_000262536.1	28.9	249	145	11	4	241	1	228	4.08e-13	71.2
OG_52	VIMSS1746407	27.3	205	142	3	28	228	22	223	6.50e-12	68.2
OG_52	CAZy::AAF04375.1	27.3	205	142	3	28	228	29	230	6.88e-12	68.2
OG_52	CAZy::AAF04376.1	26.8	205	143	3	28	228	29	230	8.10e-11	65.1
OG_52	P36667	28.1	249	148	11	4	241	1	229	1.15e-10	64.3
OG_52	VIMSS1936101	25.0	212	145	3	28	228	21	229	1.76e-09	61.2
OG_52	SwissProt::P9WMY3	25.0	212	145	3	28	228	27	235	1.82e-09	61.2
OG_52	VIMSS81544	29.9	147	96	3	84	228	94	235	3.71e-08	57.4
OG_75	VIMSS356315	86.8	76	10	0	1	76	1	76	1.69e-38	132
OG_75	WP_015605149.1	66.2	74	25	0	3	76	4	77	3.37e-27	103
OG_75	VIMSS923006	66.2	74	25	0	3	76	5	78	7.75e-26	99.8
OG_75	VIMSS360978	60.0	75	30	0	2	76	7	81	3.95e-25	98.2
OG_75	VIMSS64947	60.0	75	30	0	2	76	3	77	7.41e-25	97.4
OG_75	WP_178939141.1	60.0	75	30	0	2	76	7	81	1.08e-24	97.1
OG_75	WP_002263069.1	60.8	74	29	0	3	76	4	77	2.94e-24	95.5
OG_75	VIMSS330533	60.0	75	30	0	2	76	7	81	2.85e-23	93.2
OG_75	VIMSS157518	64.4	73	26	0	4	76	6	78	7.16e-23	92.0
OG_75	VIMSS38270	54.7	75	34	0	2	76	6	80	1.13e-22	91.7
OG_75	VIMSS915105	59.7	72	29	0	5	76	10	81	5.34e-22	90.1
OG_75	WP_001548613.1	57.5	73	31	0	4	76	8	80	5.78e-22	89.7
OG_75	VIMSS666586	57.5	73	31	0	4	76	8	80	8.07e-22	89.4
OG_75	A4VVZ3	58.1	74	31	0	3	76	4	77	1.26e-21	88.6
OG_75	VIMSS1867980	48.0	75	39	0	2	76	6	80	1.18e-18	80.9
OG_75	WP_003951268.1	47.3	74	39	0	3	76	9	82	1.22e-17	78.2
OG_75	XP_016685280.1	49.3	75	38	0	2	76	44	118	1.25e-17	79.0
OG_75	VIMSS3374429	48.6	72	37	0	5	76	12	83	4.69e-17	76.6
OG_75	VIMSS5777001	47.2	72	38	0	5	76	10	81	6.29e-15	70.9
OG_75	WP_208082925.1	45.8	72	39	0	5	76	10	81	1.20e-14	70.1
OG_75	VIMSS2205490	45.6	68	37	0	5	72	11	78	2.72e-13	66.2
OG_75	WP_001000734.1	43.4	76	43	0	1	76	9	84	3.02e-13	66.2
OG_75	VIMSS349320	43.4	76	43	0	1	76	9	84	3.02e-13	66.2
OG_75	WP_093506440.1	48.6	70	36	0	7	76	10	79	3.05e-13	66.2
OG_75	VIMSS143855	48.6	70	36	0	7	76	15	84	4.11e-13	65.9
OG_63	VIMSS356317	82.6	92	16	0	2	93	512	603	1.63e-42	149
OG_11	WP_002356898.1	91.9	37	3	0	1	37	1	37	5.09e-15	65.9
OG_11	VIMSS356342	91.9	37	3	0	1	37	1	37	5.72e-15	65.9
OG_59	VIMSS356322	98.9	279	3	0	1	279	189	467	1.37e-183	516
OG_59	WP_002391475.1	34.7	265	151	6	9	265	205	455	1.01e-33	131
OG_31	VIMSS356330	98.1	465	9	0	1	465	1	465	1.29e-311	848
OG_31	WP_002359907.1	95.9	463	19	0	1	463	1	463	7.24e-302	823
OG_31	WP_002289073.1	67.0	446	147	0	1	446	1	446	4.01e-205	578
OG_31	WP_005687210.1	58.1	449	188	0	1	449	1	449	8.53e-186	530
OG_31	VIMSS612097	51.2	447	218	0	4	450	3	449	4.82e-154	449
OG_31	VIMSS66231	53.2	171	79	1	274	443	17	187	5.11e-55	186
OG_31	VIMSS2093220	31.9	361	198	6	101	437	99	435	3.59e-51	183
OG_31	VIMSS1244959	32.2	351	210	6	101	437	99	435	2.63e-50	181
OG_31	VIMSS10349546	31.9	351	211	6	101	437	99	435	9.88e-50	179
OG_31	WP_011101302.1	45.6	182	99	0	252	433	37	218	2.03e-48	169
OG_31	VIMSS7019928	46.5	185	96	1	252	433	270	454	4.91e-48	175
OG_31	VIMSS1754366	46.6	193	101	2	238	429	262	453	1.41e-46	171
OG_31	VIMSS1145609	49.7	183	88	2	254	433	287	468	1.45e-46	171
OG_31	VIMSS1271035	46.7	184	95	1	253	433	270	453	1.81e-46	171
OG_31	BRENDA::Q7BG44	44.1	213	117	2	220	430	249	461	2.24e-46	171
OG_31	WP_032126221.1	41.5	207	120	1	225	430	250	456	1.46e-45	168
OG_31	VIMSS367113	45.0	191	102	1	253	440	239	429	3.65e-45	166
OG_31	WP_114807296.1	45.9	181	98	0	254	434	33	213	3.95e-45	160
OG_31	WP_151095105.1	47.1	189	96	2	254	438	273	461	5.03e-45	167
OG_31	WP_072729001.1	44.2	206	113	2	227	430	253	458	5.63e-45	167
OG_31	VIMSS5551790	46.4	183	95	1	254	433	280	462	7.95e-45	166
OG_31	F9UQ51	43.1	188	107	0	253	440	34	221	1.15e-44	159
OG_31	VIMSS330976	43.1	188	107	0	253	440	36	223	1.22e-44	159
OG_31	WP_086031840.1	45.3	181	99	0	254	434	33	213	2.97e-44	158
OG_31	B3FN88	47.9	192	96	2	252	440	233	423	4.50e-44	163
OG_8	VIMSS356334	96.6	326	11	0	1	326	200	525	2.99e-219	629
OG_8	WP_002356902.1	96.3	326	12	0	1	326	200	525	4.23e-219	629
OG_29	VIMSS356328	97.7	222	5	0	1	222	61	282	5.26e-164	457
OG_29	VIMSS2018097	52.1	219	103	2	1	219	59	275	9.73e-77	236
OG_29	VIMSS2018027	28.2	216	131	8	1	206	58	259	1.49e-09	60.5
OG_29	P14184	47.2	53	26	1	160	210	213	265	8.13e-08	55.5
OG_29	VIMSS356321	27.9	215	140	7	1	205	58	267	7.22e-07	52.8
OG_29	VIMSS2324061	37.3	51	32	0	162	212	210	260	1.54e-04	45.8
OG_29	WP_012340356.1	43.5	46	26	0	160	205	212	257	5.15e-04	44.3
OG_62	VIMSS356325	98.3	234	4	0	1	234	1	234	4.49e-166	461
OG_62	metacyc::MONOMER-17174	47.0	230	117	4	3	229	3	230	2.94e-64	203
OG_62	VIMSS3790331	33.8	234	151	3	2	233	3	234	2.54e-40	142
OG_62	VIMSS276035	30.4	230	157	2	5	233	6	233	5.49e-32	120
OG_62	VIMSS330734	29.4	228	153	5	1	224	1	224	7.28e-26	104
OG_62	WP_003235520.1	29.6	233	158	4	1	229	1	231	1.11e-25	103
OG_62	metacyc::MONOMER-19969	29.6	233	158	4	1	229	1	231	2.19e-25	103
OG_62	VIMSS157310	27.3	227	160	3	1	224	1	225	1.70e-23	98.2
OG_62	VIMSS313111	28.9	228	156	4	1	224	1	226	6.79e-23	96.7
OG_62	VIMSS663501	29.1	227	156	3	1	224	1	225	3.55e-22	94.7
OG_62	VIMSS102513	27.2	228	160	4	1	224	1	226	2.69e-21	92.4
OG_62	VIMSS919985	26.1	234	167	4	1	230	1	232	3.75e-21	92.0
OG_62	VIMSS665548	26.8	228	161	4	1	224	1	226	1.42e-20	90.5
OG_62	biolip::6xhqA	27.5	229	160	4	6	230	6	232	5.28e-20	89.0
OG_62	VIMSS102517	27.5	229	160	4	6	230	6	232	5.38e-20	89.0
OG_62	SwissProt::Q48230	30.3	221	147	5	5	222	9	225	1.67e-19	90.5
OG_62	VIMSS134033	29.5	237	154	7	1	229	1	232	7.31e-18	83.2
OG_62	SwissProt::Q48154	28.5	221	151	5	5	222	9	225	4.30e-17	83.6
OG_62	VIMSS1288709	25.4	209	151	3	19	224	6	212	2.25e-16	79.0
OG_62	biolip::2vsiB	28.8	236	151	7	1	229	2	227	1.70e-15	76.6
OG_62	A4D126	30.3	185	119	5	2	179	47	228	5.48e-15	77.4
OG_62	Q5RJG7	28.3	184	124	3	2	179	45	226	6.23e-14	74.3
OG_62	XP_011242209.2	28.3	184	124	3	2	179	45	226	6.61e-14	74.3
OG_62	NP_001094887.1	32.1	134	83	3	2	129	47	178	7.53e-14	73.9
OG_62	biolip::4cvhA	29.3	167	108	5	20	179	17	180	3.63e-10	63.2
OG_53	VIMSS356351	97.6	378	9	0	1	378	1	378	3.88e-246	675
OG_53	WP_002286457.1	58.2	368	154	0	6	373	5	372	1.10e-137	400
OG_53	VIMSS329843	56.8	347	148	2	6	351	4	349	1.81e-120	356
OG_53	VIMSS2127422	51.2	377	158	2	15	365	21	397	2.25e-116	348
OG_53	VIMSS7781556	49.0	365	176	2	15	369	15	379	3.88e-102	310
OG_53	VIMSS928366	48.2	365	179	2	15	369	14	378	1.88e-101	308
OG_53	WP_021143485.1	47.9	365	180	3	15	369	14	378	2.14e-100	306
OG_53	WP_002262748.1	47.9	361	178	3	15	365	15	375	1.82e-96	296
OG_53	VIMSS157183	49.1	344	169	3	13	356	7	344	3.90e-95	291
OG_53	VIMSS663381	49.4	338	165	3	19	356	13	344	8.87e-94	288
OG_53	VIMSS296931	44.1	374	193	3	16	376	16	386	1.19e-91	283
OG_53	VIMSS100777	44.0	364	193	2	17	369	17	380	2.95e-90	280
OG_53	WP_039811425.1	45.8	349	179	4	9	355	3	343	3.65e-89	276
OG_53	VIMSS10174346	44.3	345	185	4	16	360	10	347	4.16e-84	263
OG_53	VIMSS4041850	42.8	341	189	2	15	355	9	343	2.34e-82	258
OG_53	VIMSS664938	42.8	341	189	2	15	355	9	343	4.67e-82	258
OG_53	VIMSS5629178	42.0	345	192	2	16	355	7	348	7.89e-78	247
OG_53	VIMSS1289230	41.8	340	191	4	15	354	10	342	4.26e-74	237
OG_53	WP_000258150.1	41.8	340	191	4	15	354	10	342	4.26e-74	237
OG_53	metacyc::MONOMER-19967	40.7	349	195	6	7	349	4	346	2.08e-73	236
OG_53	NP_391433.1	40.7	349	195	6	7	349	4	346	2.93e-73	235
OG_53	VIMSS642917	41.7	350	196	5	15	361	12	356	3.17e-72	233
OG_53	WP_003346511.1	41.7	355	199	4	7	360	4	351	9.44e-72	231
OG_53	WP_005544775.1	39.8	354	188	7	22	357	20	366	1.19e-67	221
OG_53	VIMSS186232	34.6	306	188	5	16	313	12	313	6.50e-36	137
OG_77	VIMSS356333	89.3	28	3	0	1	28	473	500	1.73e-10	56.2
OG_77	WP_002364384.1	89.3	28	3	0	1	28	473	500	1.73e-10	56.2
OG_27	VIMSS356338	100	387	0	0	1	387	1	387	2.15e-283	770
OG_27	VIMSS112437	75.4	386	95	0	1	386	1	386	5.37e-216	600
OG_27	WP_038702803.1	65.6	387	133	0	1	387	1	387	3.35e-188	530
OG_27	VIMSS2126784	52.3	386	184	0	1	386	1	386	9.91e-139	404
OG_27	WP_014621681.1	51.9	387	185	1	1	386	1	387	1.67e-137	401
OG_27	VIMSS275100	50.3	386	192	0	1	386	1	386	7.00e-134	392
OG_27	P35880	50.4	361	178	1	1	360	1	361	1.54e-127	375
OG_27	WP_014562705.1	48.3	391	197	3	1	386	1	391	3.41e-125	370
OG_27	WP_205841307.1	48.3	391	197	3	1	386	1	391	3.41e-125	370
OG_27	WP_114807077.1	48.1	391	198	3	1	386	1	391	7.85e-124	366
OG_27	VIMSS846360	33.2	352	232	3	17	365	30	381	4.41e-70	229
OG_27	WP_011345585.1	33.6	339	224	1	19	356	30	368	7.64e-70	228
OG_27	WP_001122813.1	32.4	358	236	3	16	371	26	379	4.14e-64	213
OG_27	VIMSS1801377	32.4	367	240	5	9	371	17	379	9.90e-63	210
OG_27	VIMSS3655775	33.2	349	224	5	16	360	55	398	4.99e-57	196
OG_27	VIMSS5924605	32.9	353	232	5	7	355	26	377	5.42e-57	195
OG_27	VIMSS1074310	32.9	353	232	5	7	355	26	377	4.14e-56	193
OG_27	P80011	30.4	368	244	6	7	365	6	370	2.00e-55	191
OG_27	VIMSS1074960	31.3	310	210	3	54	360	75	384	9.31e-55	189
OG_27	VIMSS879649	32.2	332	216	4	30	355	48	376	4.70e-54	187
OG_27	VIMSS876986	31.9	332	217	4	30	355	48	376	1.92e-52	183
OG_27	WP_090585016.1	30.8	377	239	5	5	360	17	392	2.09e-51	181
OG_27	WP_048340531.1	27.9	358	255	3	16	371	19	375	1.14e-50	178
OG_27	VIMSS369375	27.9	330	226	5	58	378	69	395	4.01e-41	153
OG_27	VIMSS369461	27.8	335	227	7	58	380	69	400	4.14e-38	145
OG_34	VIMSS356333	98.9	713	8	0	1	713	1	713	0.0	1417
OG_34	WP_002364384.1	98.6	713	10	0	1	713	1	713	0.0	1414
OG_34	WP_058463750.1	47.8	579	284	8	145	710	91	664	3.47e-171	509
OG_34	WP_095597216.1	47.3	566	292	4	150	710	240	804	2.14e-168	507
OG_34	WP_060708698.1	48.7	563	281	7	153	710	123	682	1.39e-167	501
OG_34	WP_057107652.1	47.3	565	286	5	154	710	244	804	1.65e-164	497
OG_34	VIMSS6365506	47.3	577	285	7	142	702	125	698	1.12e-163	492
OG_34	VIMSS334087	47.9	578	292	6	138	710	980	1553	6.14e-161	507
OG_34	VIMSS10133934	48.6	533	271	3	180	710	366	897	2.64e-158	484
OG_34	VIMSS4258745	44.9	594	318	6	125	712	224	814	1.16e-157	479
OG_34	VIMSS1206030	45.2	540	287	3	180	710	238	777	1.22e-143	443
OG_34	WP_227028673.1	39.6	623	352	8	102	704	117	735	1.13e-142	439
OG_34	WP_015452749.1	43.9	545	291	7	171	702	58	600	1.18e-139	427
OG_34	WP_015087877.1	43.0	539	303	3	168	704	211	747	3.94e-139	430
OG_34	VIMSS356334	35.9	696	395	12	5	699	399	1044	1.29e-125	402
OG_34	WP_002356902.1	36.1	696	394	12	5	699	399	1044	1.80e-125	402
OG_34	WP_014200380.1	39.6	540	313	6	180	710	299	834	3.48e-115	370
OG_34	VIMSS1756022	38.2	563	333	6	152	711	291	841	2.03e-109	363
OG_34	VIMSS259451	39.6	535	305	8	182	711	87	608	1.53e-107	343
OG_34	WP_211218761.1	37.5	570	331	7	154	713	705	1259	3.27e-97	333
OG_34	WP_149113283.1	36.5	565	302	13	147	702	155	671	1.78e-91	311
OG_34	VIMSS217484	36.1	454	244	12	273	704	342	771	7.17e-66	236
OG_34	VIMSS166840	31.4	516	300	13	82	573	384	869	3.05e-59	220
OG_34	WP_011669971.1	28.1	540	358	14	176	700	33	557	8.42e-48	182
OG_34	VIMSS1109816	34.3	271	149	7	439	692	153	411	2.77e-29	128
OG_42	VIMSS356341	96.5	171	6	0	1	171	1	171	5.45e-107	308
OG_93	VIMSS356322	74.0	73	19	0	1	73	255	327	1.53e-25	100
OG_81	VIMSS356315	95.7	234	10	0	28	261	76	309	2.49e-158	445
OG_81	VIMSS330533	44.6	222	121	1	36	255	89	310	4.60e-54	180
OG_81	VIMSS38270	48.4	221	107	5	35	251	87	304	9.92e-54	179
OG_81	VIMSS157518	46.9	224	97	4	21	234	71	282	4.35e-53	177
OG_81	VIMSS360978	49.5	210	96	4	34	237	87	292	8.48e-53	177
OG_81	WP_178939141.1	50.0	208	98	4	34	237	87	292	9.42e-52	174
OG_81	VIMSS1867980	42.2	237	132	3	24	258	76	309	1.86e-49	168
OG_81	VIMSS64947	41.3	225	123	4	36	255	85	305	3.31e-48	165
OG_81	VIMSS915105	44.2	215	113	4	28	236	81	294	1.90e-44	156
OG_81	WP_001548613.1	44.4	205	107	4	36	234	88	291	3.18e-44	155
OG_81	VIMSS666586	43.9	205	108	4	36	234	88	291	6.29e-44	154
OG_81	WP_002263069.1	43.0	223	113	6	34	255	83	292	1.26e-42	150
OG_81	A4VVZ3	46.3	203	96	6	36	237	85	275	1.26e-42	150
OG_81	VIMSS923006	43.4	228	113	7	34	259	84	297	2.01e-42	150
OG_81	WP_015605149.1	44.8	203	99	4	36	237	85	275	1.77e-38	139
OG_81	VIMSS3374429	37.4	238	142	4	22	255	77	311	1.61e-37	137
OG_81	WP_014410720.1	36.8	223	129	4	16	230	120	338	6.37e-36	134
OG_81	VIMSS10375891	38.9	203	106	5	34	227	79	272	3.68e-29	115
OG_81	WP_137090378.1	37.4	187	110	4	44	227	92	274	2.06e-27	110
OG_81	VIMSS602980	38.4	203	113	5	40	234	88	286	6.88e-26	106
OG_81	VIMSS5463822	34.2	193	119	3	46	236	94	280	8.27e-24	101
OG_81	VIMSS5917042	31.6	228	145	4	21	242	69	291	5.67e-23	99.0
OG_81	VIMSS246007	30.9	230	147	4	24	247	78	301	9.22e-22	95.9
OG_81	VIMSS179410	34.0	200	122	4	42	234	95	291	1.24e-21	95.5
OG_81	Q9H3H1	30.4	227	125	3	36	229	106	332	5.41e-21	95.5
OG_50	VIMSS356348	98.3	237	4	0	1	237	1	237	1.69e-167	464
OG_50	WP_148761514.1	41.7	230	129	4	3	229	4	231	1.11e-55	181
OG_50	WP_005685350.1	39.8	236	133	6	1	232	1	231	3.13e-46	157
OG_50	CharProtDB::CH_107446	42.7	211	111	5	1	207	1	205	2.69e-45	155
OG_50	metacyc::MONOMER-21625	37.8	241	134	4	1	226	1	240	4.03e-39	139
OG_50	WP_013446899.1	33.2	232	137	6	2	225	3	224	1.76e-32	123
OG_50	WP_011963750.1	34.8	230	137	5	3	219	4	233	1.26e-31	121
OG_50	VIMSS2017265	34.7	219	129	6	2	206	6	224	4.52e-30	117
OG_50	VIMSS101149	32.9	231	137	5	2	221	3	226	2.50e-26	107
OG_50	VIMSS280495	31.2	221	135	6	2	206	4	223	7.13e-26	106
OG_50	VIMSS298254	31.5	216	132	5	2	206	3	213	1.93e-25	105
OG_50	metacyc::MONOMER-21611	30.4	217	139	4	2	206	3	219	4.14e-25	104
OG_50	VIMSS330208	28.0	214	142	5	2	205	5	216	9.45e-24	100
OG_50	VIMSS3790334	31.5	238	150	8	1	229	1	234	1.11e-23	100
OG_50	VIMSS7617563	34.2	243	132	9	2	220	7	245	7.72e-23	98.6
OG_50	metacyc::MONOMER-21522	32.1	234	148	6	1	226	8	238	3.88e-22	96.3
OG_50	metacyc::MONOMER-21530	32.1	234	148	6	1	226	8	238	5.38e-22	95.9
OG_50	WP_061869095.1	31.7	208	125	5	2	202	5	202	5.78e-22	95.9
OG_50	VIMSS3065341	28.8	215	142	4	2	206	7	220	9.59e-20	89.7
OG_50	VIMSS2061742	30.4	237	154	6	1	229	1	234	7.41e-19	87.4
OG_50	WP_014569859.1	28.8	233	146	7	4	224	8	232	2.45e-18	85.9
OG_50	ENA::AAB88895.1	30.6	216	124	7	2	205	3	204	1.82e-16	80.5
OG_50	VIMSS405406	27.4	219	134	4	2	207	8	214	5.01e-16	80.1
OG_50	WP_011368664.1	27.4	219	134	4	2	207	8	214	5.01e-16	80.1
OG_50	VIMSS356320	27.0	256	148	7	3	232	8	250	2.85e-14	74.7
OG_22	VIMSS356319	98.9	94	1	0	1	94	375	468	3.82e-52	172
OG_91	VIMSS2092768	33.8	77	46	2	5	79	85	158	2.42e-06	46.2
OG_36	WP_002356901.1	94.8	405	21	0	1	405	1	405	1.99e-280	764
OG_36	VIMSS259453	35.0	397	255	1	2	398	12	405	2.30e-84	266
OG_36	VIMSS3803686	54.2	236	108	0	3	238	4	239	6.45e-84	266
OG_36	WP_058463748.1	46.9	241	128	0	2	242	3	243	9.06e-71	232
OG_36	VIMSS5925488	44.7	253	140	0	2	254	3	255	7.22e-70	230
OG_36	VIMSS1174799	46.2	238	127	1	5	242	4	240	1.37e-68	226
OG_36	WP_005741031.1	45.5	257	140	0	2	258	3	259	3.24e-67	223
OG_36	biolip::8dkuA	35.7	370	202	7	5	360	1	348	8.61e-67	221
OG_36	VIMSS626865	41.6	257	145	3	4	259	3	255	1.72e-66	224
OG_36	VIMSS367216	35.5	400	215	8	2	359	6	404	2.02e-65	219
OG_36	VIMSS5593439	46.9	241	126	1	2	242	3	241	7.89e-65	218
OG_36	VIMSS334088	44.7	246	128	1	5	242	7	252	1.19e-64	217
OG_36	Q07698	44.6	242	132	1	1	242	1	240	5.46e-64	211
OG_36	VIMSS6365505	44.5	254	123	2	2	238	5	257	8.69e-64	215
OG_36	VIMSS248621	36.2	334	193	4	3	325	8	332	2.19e-63	213
OG_36	ENA::AAC98415.1	39.3	242	143	1	5	242	4	245	1.03e-62	205
OG_36	VIMSS6365502	50.7	217	106	1	22	238	40	255	1.19e-62	212
OG_36	VIMSS1849208	44.5	247	123	2	5	238	3	248	1.28e-62	212
OG_36	VIMSS742645	44.5	247	123	2	5	238	7	252	1.40e-62	212
OG_36	VIMSS4518605	52.5	200	94	1	39	238	1	199	1.46e-62	210
OG_36	VIMSS57837	46.6	234	122	1	5	238	10	240	2.43e-62	210
OG_36	VIMSS4518607	51.4	208	99	2	39	245	1	207	4.80e-61	206
OG_36	CharProtDB::CH_000689	37.7	244	148	1	3	242	2	245	8.98e-61	200
OG_36	VIMSS1109521	40.7	246	144	1	2	245	4	249	1.39e-60	200
OG_36	VIMSS1756023	35.3	329	200	2	39	355	48	375	2.07e-60	205
OG_83	VIMSS356330	100	60	0	0	1	60	151	210	1.96e-31	116
OG_83	WP_002359907.1	100	60	0	0	1	60	151	210	1.96e-31	116
OG_83	WP_005687210.1	43.9	57	32	0	4	60	154	210	1.31e-09	55.5
OG_33	VIMSS356332	97.7	558	13	0	1	558	99	656	0.0	1079
OG_33	WP_002383759.1	97.7	558	13	0	1	558	110	667	0.0	1079
