# cline: mcl OrthoFinder_Results/Results_May28/WorkingDirectory/OrthoFinder_graph.txt "-I" "1.5" "-o" "OrthoFinder_Results/Results_May28/WorkingDirectory/clusters_OrthoFinder_I1.5.txt" "-te" "6" "-V" "all"
(mclheader
mcltype matrix
dimensions 1848x53
)
(mclmatrix
begin
0    17 18 67 68 69 70 71 72 130 131 182 183 184 239 240 241 242 301
       302 303 304 305 306 307 308 309 362 363 364 365 366 430 431
       432 433 434 435 496 497 499 500 501 502 503 504 505 506 507
       508 571 572 573 629 630 631 632 633 634 635 636 637 686 687
       688 689 690 732 733 734 735 736 791 792 793 794 795 852 853
       854 901 902 903 949 950 951 952 953 1006 1007 1008 1009 1010
       1065 1066 1067 1068 1069 1133 1134 1135 1136 1137 1138 1188
       1189 1190 1191 1250 1251 1309 1310 1311 1364 1365 1424 1425
       1426 1427 1428 1495 1496 1497 1498 1499 1500 1501 1502 1503
       1567 1568 1569 1570 1627 1628 1629 1630 1683 1684 1685 1686
       1746 1747 1748 1749 1750 1751 1752 1753 1754 1755 1756 1757
       1820 1821 1822 $
1    10 22 55 56 77 117 118 136 171 172 189 224 225 247 285 286 287
       316 317 352 353 372 373 412 413 414 439 440 481 482 515 516
       555 577 615 616 643 675 676 694 725 739 772 773 774 800 801
       833 834 858 892 893 907 939 959 994 995 1015 1048 1049 1050
       1074 1121 1143 1144 1177 1197 1198 1230 1231 1232 1255 1296
       1316 1352 1371 1408 1409 1410 1432 1474 1475 1476 1477 1508
       1509 1549 1550 1551 1575 1617 1634 1670 1671 1690 1728 1729
       1764 1765 1808 1827 $
2    11 57 58 59 119 173 226 227 228 288 289 290 291 292 354 355 356
       357 415 416 417 483 484 485 486 487 556 557 558 617 618 619
       620 677 678 726 775 776 777 779 835 836 837 894 940 941 996
       997 998 1051 1052 1053 1054 1055 1122 1123 1178 1179 1233 1234
       1235 1236 1297 1298 1299 1300 1353 1411 1412 1478 1479 1480
       1552 1553 1554 1555 1618 1619 1672 1673 1674 1731 1732 1733
       1734 1735 1809 1810 1811 1812 $
3    16 66 128 129 180 181 236 237 238 298 299 300 361 426 427 428
       429 493 494 495 568 569 570 626 627 628 683 684 685 731 788
       789 790 849 850 851 899 900 948 1003 1004 1005 1064 1129 1130
       1131 1132 1187 1247 1248 1249 1306 1307 1308 1362 1363 1421
       1422 1423 1493 1494 1564 1565 1566 1625 1626 1680 1681 1682
       1743 1744 1745 1819 $
4    1 40 41 103 104 105 159 210 211 269 270 340 341 397 398 399 400
       466 540 541 542 597 598 664 713 757 758 759 818 819 880 881
       926 980 981 1035 1036 1037 1104 1105 1106 1107 1164 1218 1219
       1220 1279 1280 1281 1337 1338 1339 1396 1397 1456 1457 1458
       1459 1537 1538 1539 1540 1599 1600 1601 1656 1657 1712 1713
       1793 $
5    19 73 74 132 133 185 243 310 311 312 367 368 436 437 509 510 511
       512 574 638 639 640 691 737 796 797 855 856 904 954 955 956
       1011 1070 1071 1072 1139 1140 1192 1193 1194 1252 1253 1312
       1313 1366 1367 1368 1429 1430 1504 1505 1506 1571 1572 1631
       1687 1758 1759 1760 1761 1823 1824 $
6    6 50 112 166 219 220 279 280 347 348 407 475 476 549 608 609 671
       672 720 721 766 767 826 827 828 887 888 933 934 989 990 1041
       1042 1114 1115 1116 1171 1172 1224 1225 1290 1346 1347 1402
       1403 1465 1466 1467 1543 1544 1610 1611 1665 1666 1721 1722
       1800 1801 $
7    15 64 65 125 126 127 179 233 234 235 296 297 360 424 425 491 492
       565 566 567 624 625 682 730 787 847 848 898 946 947 1002 1062
       1063 1127 1128 1185 1186 1245 1246 1305 1359 1360 1361 1420
       1489 1490 1491 1492 1563 1624 1679 1741 1742 1817 1818 $
8    14 63 123 124 177 178 231 232 294 295 359 423 489 490 562 563
       564 622 623 681 729 784 785 786 844 845 846 897 945 1001 1059
       1060 1061 1184 1242 1243 1244 1304 1357 1358 1417 1418 1419
       1486 1487 1488 1561 1562 1623 1678 1738 1739 1740 1816 $
9    28 82 83 145 146 196 252 253 325 379 380 444 445 523 583 584 585
       651 698 699 744 745 805 806 864 865 911 912 966 1020 1021 1083
       1084 1085 1149 1204 1263 1264 1322 1323 1380 1381 1439 1440
       1518 1519 1582 1583 1640 1641 1695 1696 1773 1835 $
10   3 44 45 46 108 109 161 162 213 214 274 275 343 344 401 467 469
       545 546 600 602 667 715 762 821 822 883 928 929 930 983 984
       1038 1109 1166 1167 1168 1221 1284 1285 1342 1343 1399 1460
       1604 1605 1659 1660 1714 1716 1795 1796 1797 $
11   4 47 110 163 164 215 216 276 277 345 402 403 404 470 471 472 547
       603 604 605 668 669 716 717 718 763 764 823 824 884 885 931
       985 986 1039 1110 1111 1112 1169 1222 1286 1287 1344 1400 1462
       1541 1606 1607 1661 1662 1717 1718 1798 $
12   36 96 97 98 155 205 261 262 263 335 392 393 456 457 535 536 593
       660 709 753 814 875 920 921 975 1029 1030 1031 1097 1098 1159
       1160 1213 1273 1274 1332 1333 1390 1391 1450 1529 1530 1531
       1593 1594 1651 1652 1704 1705 1786 1787 1844 $
13   7 51 52 113 114 167 221 281 282 349 350 408 409 477 478 550 551
       610 611 673 722 768 769 829 889 935 936 991 1043 1117 1118 1173
       1174 1226 1291 1292 1348 1349 1404 1468 1545 1612 1613 1667
       1723 1724 1802 1803 $
14   33 91 92 152 202 258 331 332 386 387 452 453 530 531 590 656 657
       706 750 810 811 871 872 917 972 1026 1092 1093 1155 1156 1210
       1269 1270 1328 1329 1387 1446 1447 1525 1526 1588 1589 1647
       1648 1701 1780 1781 1841 $
15   12 60 61 120 121 174 175 229 419 559 560 679 727 780 839 840 841
       895 942 943 999 1057 1124 1181 1182 1238 1239 1240 1301 1302
       1354 1355 1413 1414 1415 1482 1483 1484 1557 1558 1620 1621
       1675 1676 1813 1814 $
16   24 138 139 140 191 249 250 319 320 374 375 441 518 579 645 696
       741 742 802 859 909 961 962 1017 1018 1075 1076 1077 1145 1200
       1256 1257 1318 1373 1374 1375 1433 1511 1512 1513 1576 1636
       1692 1693 1767 1829 $
17   29 84 85 86 147 148 149 197 198 254 326 381 382 446 447 524 525
       586 652 700 746 807 866 867 913 967 1022 1086 1087 1150 1205
       1265 1324 1382 1441 1442 1520 1521 1584 1642 1697 1774 1775
       1836 $
18   5 48 49 111 165 217 218 278 346 405 406 473 474 548 606 607 670
       719 765 825 886 932 987 988 1040 1113 1170 1223 1288 1289 1345
       1401 1463 1464 1542 1608 1609 1663 1664 1719 1720 1799 $
19   37 99 156 206 207 264 336 394 458 459 537 594 661 710 754 815
       876 877 922 976 977 1032 1099 1101 1161 1214 1215 1275 1276
       1334 1392 1451 1452 1532 1595 1596 1653 1706 1788 1789 1845
       1846 $
20   8 53 115 168 169 222 283 351 410 479 552 612 613 674 723 770 830
       831 890 937 992 1044 1045 1119 1175 1227 1228 1293 1350 1405
       1406 1469 1470 1471 1546 1547 1614 1668 1725 1804 1805 $
21   27 81 144 195 251 324 378 442 443 522 582 650 697 743 803 804
       862 863 910 965 1019 1081 1082 1146 1148 1203 1261 1262 1321
       1379 1437 1438 1516 1517 1580 1581 1639 1694 1772 1833 1834 $
22   0 101 102 209 267 268 338 339 396 464 465 539 596 663 712 756
       817 879 924 925 979 1034 1103 1163 1217 1278 1336 1395 1454
       1455 1535 1536 1598 1655 1710 1711 1791 1792 $
23   9 54 116 170 223 284 411 480 553 554 614 724 771 832 891 938 993
       1046 1047 1120 1176 1229 1294 1295 1351 1407 1472 1473 1548
       1615 1616 1669 1726 1727 1806 1807 $
24   31 88 89 200 256 328 384 450 527 588 654 703 748 808 869 915 969
       970 1024 1089 1090 1153 1207 1208 1267 1326 1384 1385 1444 1523
       1586 1645 1699 1777 1838 1839 $
25   32 90 151 201 257 329 330 385 451 528 529 589 655 704 705 749
       809 870 916 971 1025 1091 1154 1209 1268 1327 1386 1445 1524
       1587 1646 1700 1778 1779 1840 $
26   35 94 95 154 204 260 334 389 390 455 534 592 659 708 752 813 874
       919 974 1028 1096 1158 1212 1272 1331 1389 1449 1528 1591 1592
       1650 1703 1784 1785 1843 $
27   13 62 122 176 230 293 358 420 421 488 561 621 680 728 781 782
       842 896 944 1000 1058 1125 1126 1183 1241 1303 1356 1416 1485
       1559 1622 1677 1736 1815 $
28   30 87 150 199 255 327 383 448 449 526 587 653 701 702 747 868
       914 968 1023 1088 1151 1152 1206 1266 1325 1383 1443 1522 1585
       1643 1644 1698 1776 1837 $
29   34 93 153 203 259 333 388 454 532 533 591 658 707 751 812 873
       918 973 1027 1094 1095 1157 1211 1271 1330 1388 1448 1527 1590
       1649 1702 1782 1783 1842 $
30   2 42 43 106 107 160 212 271 272 273 342 543 544 599 665 666 714
       760 761 820 882 927 982 1165 1282 1283 1340 1341 1398 1602 1603
       1658 1794 $
31   25 78 141 142 192 193 321 322 376 519 520 580 646 647 860 963
       1078 1079 1201 1258 1259 1319 1376 1377 1435 1514 1577 1578
       1637 1768 1769 1830 1831 $
32   38 100 157 208 265 337 395 460 461 538 595 662 711 755 816 878
       923 978 1033 1102 1162 1216 1277 1335 1393 1453 1533 1534 1597
       1654 1707 1790 1847 $
33   21 76 135 188 246 315 371 438 514 576 642 693 738 799 857 906
       958 1014 1073 1142 1196 1254 1315 1370 1431 1507 1574 1633 1689
       1763 1826 $
34   20 75 134 186 187 244 245 313 314 369 370 513 575 641 692 798
       905 957 1012 1013 1141 1195 1314 1369 1573 1632 1688 1825 $
35   26 79 80 143 194 323 377 521 581 648 649 861 964 1080 1202 1260
       1320 1378 1436 1515 1638 1770 1771 1832 $
36   23 137 190 248 318 517 578 644 695 740 908 960 1016 1199 1317
       1372 1510 1635 1691 1766 1828 $
37   422 783 843 1560 1737 $
38   838 1056 1237 1481 1556 $
39   39 158 462 1708 $
40   468 601 1461 1715 $
41   266 463 1709 $
42   418 778 1180 $
43   391 $
44   498 $
45   1100 $
46   1108 $
47   1147 $
48   1394 $
49   1434 $
50   1579 $
51   1730 $
52   1762 $
)
